116.483788,39.889629
116.483788,39.889725
116.483788,39.889771
116.483788,39.889912
116.483788,39.889912
116.483788,39.889961
116.483788,39.890045
116.483788,39.890079
116.483795,39.890175
116.483795,39.890175
116.483795,39.890209
116.483788,39.890244
116.483795,39.890305
116.483795,39.890335
116.483795,39.890411
116.483795,39.890453
116.483795,39.890491
116.483795,39.890560
116.483795,39.890594
116.483795,39.890709
116.483795,39.890709
116.483795,39.890747
116.483795,39.890820
116.483795,39.890846
116.483795,39.890865
116.483795,39.890881
116.483803,39.890903
116.483795,39.890923
116.483795,39.890923
116.483795,39.890923
116.483795,39.890923
116.483795,39.890923
116.483795,39.890923
116.483795,39.890926
116.483795,39.890942
116.483795,39.890938
116.483795,39.890934
116.483795,39.890934
116.483795,39.890934
116.483795,39.890934
116.483788,39.890934
116.483788,39.890934
116.483788,39.890938
116.483795,39.890953
116.483788,39.890968
116.483788,39.890987
116.483788,39.891041
116.483788,39.891071
116.483795,39.891102
116.483788,39.891136
116.483788,39.891182
116.483795,39.891209
116.483795,39.891273
116.483795,39.891304
116.483795,39.891335
116.483803,39.891403
116.483795,39.891441
116.483795,39.891518
116.483795,39.891552
116.483795,39.891586
116.483795,39.891678
116.483795,39.891678
116.483795,39.891705
116.483803,39.891766
116.483803,39.891792
116.483803,39.891819
116.483803,39.891876
116.483803,39.891907
116.483803,39.891994
116.483803,39.891994
116.483803,39.892021
116.483803,39.892094
116.483803,39.892094
116.483803,39.892117
116.483803,39.892136
116.483803,39.892174
116.483803,39.892197
116.483803,39.892212
116.483803,39.892254
116.483803,39.892273
116.483803,39.892292
116.483803,39.892315
116.483795,39.892353
116.483795,39.892368
116.483795,39.892380
116.483795,39.892395
116.483795,39.892406
116.483795,39.892418
116.483795,39.892437
116.483795,39.892445
116.483795,39.892448
116.483795,39.892456
116.483795,39.892487
116.483795,39.892487
116.483795,39.892494
116.483795,39.892509
116.483795,39.892521
116.483795,39.892574
116.483795,39.892574
116.483795,39.892673
116.483795,39.892673
116.483795,39.892715
116.483803,39.892838
116.483803,39.892838
116.483803,39.892879
116.483803,39.892960
116.483795,39.892998
116.483803,39.893036
116.483803,39.893097
116.483803,39.893131
116.483803,39.893162
116.483803,39.893230
116.483803,39.893265
116.483803,39.893299
116.483803,39.893360
116.483803,39.893387
116.483803,39.893482
116.483803,39.893482
116.483803,39.893513
116.483803,39.893589
116.483803,39.893589
116.483803,39.893616
116.483803,39.893684
116.483803,39.893684
116.483803,39.893703
116.483803,39.893742
116.483803,39.893757
116.483803,39.893772
116.483803,39.893784
116.483803,39.893814
116.483803,39.893829
116.483803,39.893845
116.483803,39.893864
116.483803,39.893906
116.483803,39.893929
116.483803,39.893948
116.483795,39.893963
116.483803,39.893986
116.483803,39.893993
116.483803,39.893993
116.483803,39.893997
116.483803,39.893997
116.483803,39.894009
116.483795,39.894016
116.483795,39.894028
116.483795,39.894085
116.483795,39.894085
116.483795,39.894112
116.483795,39.894173
116.483795,39.894207
116.483795,39.894238
116.483795,39.894299
116.483795,39.894329
116.483795,39.894360
116.483795,39.894386
116.483795,39.894436
116.483795,39.894463
116.483795,39.894524
116.483795,39.894554
116.483795,39.894581
116.483795,39.894604
116.483803,39.894646
116.483803,39.894669
116.483803,39.894691
116.483795,39.894749
116.483795,39.894779
116.483795,39.894806
116.483795,39.894855
116.483795,39.894875
116.483795,39.894894
116.483803,39.894962
116.483803,39.894962
116.483803,39.894989
116.483795,39.895088
116.483795,39.895088
116.483795,39.895119
116.483795,39.895187
116.483795,39.895222
116.483795,39.895252
116.483795,39.895309
116.483795,39.895340
116.483795,39.895367
116.483795,39.895412
116.483795,39.895435
116.483795,39.895462
116.483795,39.895489
116.483795,39.895542
116.483795,39.895565
116.483795,39.895607
116.483795,39.895626
116.483795,39.895645
116.483795,39.895664
116.483795,39.895702
116.483795,39.895718
116.483795,39.895729
116.483795,39.895737
116.483795,39.895748
116.483795,39.895756
116.483795,39.895763
116.483795,39.895771
116.483795,39.895794
116.483795,39.895794
116.483795,39.895798
116.483803,39.895798
116.483803,39.895798
116.483803,39.895798
116.483803,39.895798
116.483803,39.895802
116.483803,39.895802
116.483803,39.895809
116.483803,39.895813
116.483803,39.895813
116.483803,39.895813
116.483795,39.895813
116.483795,39.895817
116.483795,39.895828
116.483795,39.895885
116.483803,39.895927
116.483803,39.896023
116.483803,39.896080
116.483803,39.896133
116.483803,39.896221
116.483810,39.896259
116.483810,39.896343
116.483810,39.896389
116.483810,39.896431
116.483803,39.896515
116.483803,39.896553
116.483803,39.896584
116.483810,39.896629
116.483810,39.896645
116.483810,39.896664
116.483810,39.896683
116.483810,39.896725
116.483803,39.896748
116.483803,39.896774
116.483803,39.896828
116.483803,39.896851
116.483810,39.896904
116.483810,39.896938
116.483810,39.897038
116.483810,39.897038
116.483810,39.897072
116.483810,39.897106
116.483803,39.897160
116.483810,39.897186
116.483810,39.897247
116.483810,39.897247
116.483810,39.897274
116.483803,39.897335
116.483803,39.897358
116.483803,39.897377
116.483810,39.897396
116.483810,39.897427
116.483810,39.897442
116.483810,39.897491
116.483810,39.897491
116.483810,39.897511
116.483810,39.897530
116.483810,39.897591
116.483810,39.897617
116.483810,39.897648
116.483810,39.897701
116.483810,39.897724
116.483810,39.897751
116.483810,39.897808
116.483810,39.897842
116.483803,39.897888
116.483803,39.897972
116.483803,39.898022
116.483803,39.898121
116.483803,39.898170
116.483803,39.898216
116.483803,39.898293
116.483810,39.898327
116.483810,39.898361
116.483810,39.898411
116.483810,39.898434
116.483810,39.898457
116.483803,39.898506
116.483803,39.898544
116.483795,39.898617
116.483795,39.898651
116.483795,39.898769
116.483795,39.898769
116.483795,39.898796
116.483803,39.898808
116.483803,39.898811
116.483810,39.898815
116.483810,39.898815
116.483810,39.898819
116.483810,39.898819
116.483803,39.898823
116.483803,39.898827
116.483803,39.898827
116.483803,39.898842
116.483795,39.898899
116.483788,39.898949
116.483780,39.899124
116.483788,39.899254
116.483788,39.899315
116.483788,39.899372
116.483788,39.899521
116.483788,39.899521
116.483788,39.899563
116.483788,39.899601
116.483795,39.899689
116.483795,39.899689
116.483795,39.899719
116.483788,39.899780
116.483788,39.899811
116.483788,39.899872
116.483788,39.899906
116.483788,39.899937
116.483788,39.900002
116.483788,39.900028
116.483788,39.900055
116.483788,39.900116
116.483788,39.900146
116.483788,39.900177
116.483788,39.900204
116.483788,39.900276
116.483788,39.900276
116.483788,39.900295
116.483788,39.900314
116.483788,39.900349
116.483788,39.900372
116.483788,39.900391
116.483788,39.900440
116.483788,39.900471
116.483780,39.900566
116.483780,39.900566
116.483780,39.900593
116.483788,39.900616
116.483788,39.900631
116.483788,39.900642
116.483795,39.900658
116.483795,39.900665
116.483795,39.900669
116.483795,39.900677
116.483788,39.900692
116.483788,39.900700
116.483788,39.900711
116.483788,39.900723
116.483788,39.900738
116.483788,39.900761
116.483788,39.900768
116.483788,39.900780
116.483788,39.900787
116.483795,39.900803
116.483795,39.900822
116.483795,39.900841
116.483818,39.900890
116.483818,39.900932
116.483826,39.901024
116.483826,39.901062
116.483833,39.901196
116.483833,39.901196
116.483833,39.901237
116.483833,39.901318
116.483833,39.901352
116.483833,39.901386
116.483841,39.901421
116.483841,39.901432
116.483841,39.901436
116.483849,39.901436
116.483849,39.901436
116.483849,39.901436
116.483849,39.901440
116.483841,39.901459
116.483833,39.901470
116.483833,39.901482
116.483833,39.901489
116.483841,39.901501
116.483841,39.901501
116.483841,39.901501
116.483841,39.901501
116.483841,39.901508
116.483841,39.901527
116.483841,39.901539
116.483841,39.901554
116.483841,39.901600
116.483841,39.901623
116.483841,39.901703
116.483841,39.901703
116.483841,39.901733
116.483841,39.901760
116.483841,39.901814
116.483841,39.901814
116.483841,39.901825
116.483849,39.901844
116.483841,39.901859
116.483841,39.901886
116.483841,39.901890
116.483849,39.901894
116.483849,39.901894
116.483849,39.901897
116.483849,39.901897
116.483849,39.901897
116.483849,39.901894
116.483849,39.901897
116.483849,39.901890
116.483849,39.901890
116.483841,39.901901
116.483841,39.901913
116.483849,39.901928
116.483849,39.901943
116.483856,39.901974
116.483856,39.901989
116.483856,39.902000
116.483856,39.902008
116.483864,39.902012
116.483864,39.902016
116.483864,39.902027
116.483864,39.902039
116.483864,39.902054
116.483864,39.902069
116.483864,39.902073
116.483871,39.902077
116.483871,39.902081
116.483871,39.902081
116.483871,39.902084
116.483871,39.902084
116.483871,39.902088
116.483871,39.902084
116.483864,39.902084
116.483864,39.902084
116.483864,39.902088
116.483864,39.902111
116.483864,39.902111
116.483864,39.902122
116.483864,39.902138
116.483871,39.902157
116.483871,39.902172
116.483871,39.902225
116.483871,39.902225
116.483871,39.902248
116.483879,39.902267
116.483879,39.902317
116.483879,39.902340
116.483879,39.902363
116.483879,39.902428
116.483879,39.902428
116.483887,39.902451
116.483887,39.902477
116.483887,39.902500
116.483887,39.902550
116.483887,39.902576
116.483887,39.902630
116.483887,39.902660
116.483887,39.902691
116.483887,39.902763
116.483887,39.902794
116.483894,39.902828
116.483894,39.902859
116.483894,39.902927
116.483894,39.902927
116.483894,39.902946
116.483894,39.902966
116.483894,39.902985
116.483887,39.903030
116.483887,39.903053
116.483887,39.903126
116.483887,39.903126
116.483887,39.903156
116.483887,39.903217
116.483887,39.903248
116.483887,39.903282
116.483887,39.903343
116.483887,39.903370
116.483887,39.903393
116.483887,39.903439
116.483887,39.903458
116.483887,39.903500
116.483887,39.903519
116.483887,39.903538
116.483887,39.903553
116.483887,39.903584
116.483887,39.903599
116.483887,39.903614
116.483879,39.903625
116.483879,39.903633
116.483887,39.903652
116.483887,39.903664
116.483879,39.903679
116.483879,39.903690
116.483879,39.903725
116.483879,39.903725
116.483879,39.903736
116.483879,39.903751
116.483879,39.903774
116.483879,39.903786
116.483879,39.903801
116.483879,39.903816
116.483879,39.903839
116.483879,39.903847
116.483879,39.903854
116.483879,39.903862
116.483879,39.903873
116.483879,39.903889
116.483879,39.903893
116.483879,39.903896
116.483879,39.903896
116.483879,39.903896
116.483879,39.903900
116.483879,39.903900
116.483879,39.903896
116.483879,39.903889
116.483879,39.903889
116.483879,39.903889
116.483871,39.903889
116.483871,39.903889
116.483871,39.903889
116.483871,39.903889
116.483871,39.903893
116.483871,39.903893
116.483871,39.903893
116.483871,39.903893
116.483871,39.903893
116.483871,39.903896
116.483871,39.903896
116.483871,39.903896
116.483871,39.903896
116.483871,39.903896
116.483871,39.903896
116.483871,39.903896
116.483871,39.903896
116.483871,39.903900
116.483864,39.903900
116.483864,39.903900
116.483856,39.903904
116.483864,39.903908
116.483856,39.903912
116.483856,39.903915
116.483864,39.903919
116.483864,39.903919
116.483864,39.903923
116.483864,39.903923
116.483864,39.903919
116.483864,39.903919
116.483864,39.903919
116.483856,39.903919
116.483856,39.903923
116.483856,39.903923
116.483856,39.903927
116.483856,39.903931
116.483856,39.903938
116.483856,39.903946
116.483856,39.903961
116.483856,39.903969
116.483856,39.903980
116.483856,39.903999
116.483856,39.904003
116.483856,39.904007
116.483856,39.904011
116.483856,39.904011
116.483856,39.904022
116.483856,39.904022
116.483856,39.904026
116.483856,39.904034
116.483856,39.904049
116.483856,39.904057
116.483856,39.904060
116.483856,39.904064
116.483856,39.904076
116.483856,39.904079
116.483856,39.904087
116.483856,39.904099
116.483856,39.904110
116.483856,39.904118
116.483856,39.904125
116.483856,39.904133
116.483856,39.904156
116.483856,39.904171
116.483856,39.904190
116.483856,39.904205
116.483856,39.904263
116.483856,39.904263
116.483856,39.904278
116.483856,39.904297
116.483856,39.904316
116.483856,39.904354
116.483856,39.904373
116.483856,39.904392
116.483856,39.904411
116.483856,39.904427
116.483856,39.904465
116.483856,39.904488
116.483856,39.904503
116.483856,39.904522
116.483856,39.904537
116.483856,39.904560
116.483856,39.904575
116.483856,39.904583
116.483856,39.904587
116.483856,39.904591
116.483864,39.904594
116.483856,39.904610
116.483856,39.904617
116.483856,39.904625
116.483856,39.904629
116.483856,39.904629
116.483864,39.904629
116.483864,39.904633
116.483864,39.904633
116.483864,39.904636
116.483864,39.904636
116.483864,39.904636
116.483864,39.904636
116.483864,39.904636
116.483856,39.904636
116.483856,39.904640
116.483856,39.904652
116.483856,39.904659
116.483856,39.904671
116.483856,39.904701
116.483856,39.904716
116.483856,39.904736
116.483856,39.904778
116.483856,39.904793
116.483856,39.904793
116.483864,39.904808
116.483856,39.904819
116.483864,39.904831
116.483864,39.904858
116.483864,39.904873
116.483864,39.904915
116.483864,39.904915
116.483864,39.904926
116.483856,39.904934
116.483864,39.904938
116.483864,39.904942
116.483864,39.904945
116.483864,39.904949
116.483864,39.904949
116.483864,39.904953
116.483864,39.904949
116.483856,39.904949
116.483856,39.904949
116.483856,39.904953
116.483856,39.904953
116.483856,39.904957
116.483856,39.904961
116.483856,39.904961
116.483856,39.904964
116.483856,39.904964
116.483856,39.904968
116.483856,39.904964
116.483856,39.904964
116.483856,39.904964
116.483856,39.904968
116.483856,39.904968
116.483849,39.904972
116.483849,39.904972
116.483849,39.904972
116.483849,39.904976
116.483841,39.904984
116.483841,39.904984
116.483841,39.904987
116.483841,39.904987
116.483841,39.904991
116.483841,39.904995
116.483841,39.904999
116.483849,39.904999
116.483849,39.905003
116.483849,39.905003
116.483849,39.905014
116.483849,39.905025
116.483849,39.905041
116.483849,39.905083
116.483849,39.905125
116.483849,39.905155
116.483849,39.905170
116.483849,39.905190
116.483849,39.905216
116.483849,39.905231
116.483849,39.905243
116.483849,39.905254
116.483849,39.905273
116.483849,39.905285
116.483849,39.905293
116.483849,39.905304
116.483849,39.905319
116.483849,39.905327
116.483849,39.905331
116.483849,39.905338
116.483849,39.905338
116.483849,39.905338
116.483849,39.905346
116.483849,39.905350
116.483849,39.905365
116.483849,39.905373
116.483849,39.905392
116.483849,39.905434
116.483849,39.905434
116.483841,39.905445
116.483849,39.905468
116.483849,39.905479
116.483849,39.905495
116.483841,39.905506
116.483841,39.905540
116.483841,39.905529
116.483841,39.905552
116.483841,39.905560
116.483841,39.905567
116.483841,39.905575
116.483841,39.905586
116.483841,39.905594
116.483841,39.905617
116.483841,39.905624
116.483841,39.905632
116.483841,39.905640
116.483841,39.905647
116.483841,39.905655
116.483841,39.905663
116.483833,39.905670
116.483833,39.905670
116.483833,39.905670
116.483841,39.905666
116.483841,39.905670
116.483841,39.905678
116.483841,39.905693
116.483833,39.905701
116.483833,39.905712
116.483841,39.905739
116.483841,39.905750
116.483841,39.905762
116.483841,39.905785
116.483841,39.905792
116.483841,39.905800
116.483841,39.905804
116.483841,39.905823
116.483841,39.905834
116.483841,39.905876
116.483841,39.905876
116.483841,39.905888
116.483841,39.905914
116.483841,39.905872
116.483849,39.905869
116.483849,39.905884
116.483849,39.905884
116.483849,39.905888
116.483849,39.905899
116.483849,39.905907
116.483849,39.905922
116.483849,39.905926
116.483849,39.905933
116.483856,39.905945
116.483856,39.905952
116.483856,39.905968
116.483856,39.905975
116.483856,39.905979
116.483856,39.905991
116.483856,39.905998
116.483864,39.906002
116.483864,39.906013
116.483864,39.906021
116.483864,39.906063
116.483864,39.906063
116.483864,39.906086
116.483871,39.906105
116.483871,39.906151
116.483871,39.906178
116.483871,39.906254
116.483871,39.906254
116.483879,39.906277
116.483879,39.906300
116.483879,39.906322
116.483879,39.906361
116.483879,39.906380
116.483879,39.906403
116.483879,39.906471
116.483879,39.906471
116.483879,39.906494
116.483879,39.906517
116.483879,39.906544
116.483879,39.906590
116.483879,39.906612
116.483879,39.906639
116.483879,39.906662
116.483879,39.906708
116.483879,39.906734
116.483879,39.906803
116.483879,39.906837
116.483879,39.906891
116.483879,39.907024
116.483879,39.907074
116.483879,39.907166
116.483879,39.907204
116.483879,39.907284
116.483871,39.907322
116.483879,39.907425
116.483879,39.907425
116.483879,39.907452
116.483879,39.907505
116.483879,39.907528
116.483879,39.907555
116.483879,39.907604
116.483879,39.907627
116.483879,39.907665
116.483879,39.907696
116.483871,39.907776
116.483871,39.907818
116.483879,39.907890
116.483879,39.907928
116.483871,39.908039
116.483871,39.908039
116.483864,39.908054
116.483856,39.908077
116.483849,39.908115
116.483849,39.908131
116.483841,39.908154
116.483833,39.908218
116.483826,39.908260
116.483826,39.908310
116.483841,39.908379
116.483841,39.908413
116.483849,39.908459
116.483841,39.908562
116.483833,39.908600
116.483841,39.908634
116.483841,39.908669
116.483849,39.908730
116.483841,39.908768
116.483841,39.908813
116.483841,39.908905
116.483841,39.908955
116.483841,39.909004
116.483841,39.909103
116.483849,39.909153
116.483849,39.909214
116.483841,39.909313
116.483849,39.909348
116.483856,39.909451
116.483856,39.909451
116.483856,39.909477
116.483856,39.909500
116.483856,39.909519
116.483856,39.909542
116.483856,39.909573
116.483856,39.909588
116.483849,39.909607
116.483849,39.909637
116.483841,39.909691
116.483841,39.909721
116.483841,39.909756
116.483841,39.909836
116.483841,39.909882
116.483841,39.909927
116.483841,39.910038
116.483833,39.910099
116.483833,39.910156
116.483826,39.910267
116.483826,39.910316
116.483833,39.910419
116.483826,39.910461
116.483818,39.910492
116.483818,39.910515
116.483818,39.910526
116.483826,39.910530
116.483826,39.910538
116.483818,39.910557
116.483810,39.910572
116.483803,39.910587
116.483803,39.910599
116.483803,39.910622
116.483795,39.910671
116.483795,39.910706
116.483788,39.910835
116.483788,39.910835
116.483788,39.910877
116.483795,39.910973
116.483795,39.911037
116.483795,39.911171
116.483795,39.911236
116.483795,39.911297
116.483788,39.911388
116.483788,39.911423
116.483788,39.911457
116.483795,39.911522
116.483788,39.911556
116.483780,39.911674
116.483780,39.911674
116.483780,39.911713
116.483780,39.911747
116.483780,39.911816
116.483788,39.911850
116.483788,39.911980
116.483788,39.911980
116.483788,39.912033
116.483788,39.912094
116.483788,39.912220
116.483780,39.912281
116.483788,39.912388
116.483780,39.912437
116.483780,39.912483
116.483788,39.912575
116.483788,39.912621
116.483780,39.912666
116.483780,39.912750
116.483780,39.912788
116.483780,39.912872
116.483780,39.912922
116.483780,39.913021
116.483780,39.913074
116.483788,39.913231
116.483788,39.913231
116.483788,39.913288
116.483788,39.913467
116.483788,39.913467
116.483788,39.913528
116.483795,39.913651
116.483795,39.913712
116.483803,39.913837
116.483803,39.913906
116.483803,39.913982
116.483803,39.914135
116.483803,39.914211
116.483803,39.914364
116.483803,39.914436
116.483810,39.914574
116.483810,39.914639
116.483810,39.914703
116.483810,39.914841
116.483803,39.915081
116.483803,39.915081
116.483803,39.915268
116.483803,39.915363
116.483803,39.915462
116.483810,39.915630
116.483818,39.915710
116.483826,39.915874
116.483818,39.915962
116.483810,39.916153
116.483810,39.916256
116.483810,39.916477
116.483810,39.916588
116.483818,39.916805
116.483818,39.916912
116.483818,39.917110
116.483818,39.917198
116.483826,39.917366
116.483826,39.917442
116.483826,39.917603
116.483826,39.917679
116.483826,39.917755
116.483826,39.917980
116.483826,39.917980
116.483826,39.918060
116.483826,39.918228
116.483826,39.918320
116.483826,39.918419
116.483833,39.918629
116.483833,39.918739
116.483833,39.918983
116.483833,39.919113
116.483833,39.919243
116.483833,39.919380
116.483841,39.919655
116.483841,39.919796
116.483841,39.919937
116.483841,39.920223
116.483841,39.920368
116.483849,39.920807
116.483849,39.920807
116.483849,39.920959
116.483856,39.921265
116.483856,39.921421
116.483856,39.921749
116.483856,39.921913
116.483849,39.922401
116.483849,39.922401
116.483849,39.922558
116.483849,39.922871
116.483841,39.923019
116.483841,39.923164
116.483849,39.923447
116.483849,39.923580
116.483849,39.923832
116.483849,39.923950
116.483856,39.924156
116.483856,39.924263
116.483864,39.924366
116.483856,39.924572
116.483864,39.924660
116.483864,39.924820
116.483871,39.924900
116.483864,39.925060
116.483864,39.925144
116.483864,39.925316
116.483856,39.925400
116.483856,39.925476
116.483864,39.925602
116.483864,39.925648
116.483864,39.925690
116.483864,39.925755
116.483871,39.925785
116.483856,39.925865
116.483849,39.925915
116.483849,39.925968
116.483849,39.926086
116.483849,39.926304
116.483849,39.926304
116.483849,39.926384
116.483856,39.926559
116.483849,39.926655
116.483849,39.926849
116.483849,39.926949
116.483849,39.927151
116.483849,39.927246
116.483856,39.927418
116.483856,39.927502
116.483864,39.927666
116.483864,39.927742
116.483864,39.927910
116.483864,39.927994
116.483864,39.928173
116.483864,39.928268
116.483864,39.928471
116.483864,39.928581
116.483856,39.928822
116.483856,39.928947
116.483864,39.929214
116.483864,39.929352
116.483864,39.929642
116.483864,39.929790
116.483864,39.930099
116.483864,39.930252
116.483864,39.930729
116.483864,39.930729
116.483864,39.930889
116.483864,39.931206
116.483864,39.931362
116.483864,39.931515
116.483864,39.931801
116.483871,39.931938
116.483871,39.932220
116.483871,39.932358
116.483871,39.932632
116.483871,39.932774
116.483871,39.932907
116.483871,39.933170
116.483871,39.933300
116.483871,39.933430
116.483871,39.933685
116.483871,39.933815
116.483871,39.934071
116.483871,39.934196
116.483871,39.934322
116.483879,39.934708
116.483879,39.934708
116.483879,39.934967
116.483879,39.935104
116.483879,39.935379
116.483879,39.935520
116.483879,39.935658
116.483887,39.935936
116.483887,39.936069
116.483887,39.936337
116.483887,39.936470
116.483887,39.936741
116.483887,39.936878
116.483887,39.937290
116.483887,39.937290
116.483894,39.937420
116.483894,39.937672
116.483894,39.937798
116.483894,39.938038
116.483894,39.938148
116.483894,39.938366
116.483894,39.938473
116.483894,39.938698
116.483894,39.938812
116.483894,39.939041
116.483894,39.939156
116.483894,39.939423
116.483894,39.939857
116.483894,39.939857
116.483894,39.940140
116.483894,39.940289
116.483894,39.940582
116.483894,39.941029
116.483894,39.941029
116.483894,39.941177
116.483894,39.941463
116.483894,39.941605
116.483894,39.941883
116.483894,39.942017
116.483894,39.942146
116.483894,39.942371
116.483894,39.942478
116.483894,39.942585
116.483894,39.942802
116.483894,39.942909
116.483894,39.943111
116.483894,39.943211
116.483894,39.943512
116.483894,39.943512
116.483894,39.943611
116.483894,39.943821
116.483894,39.943932
116.483894,39.944042
116.483894,39.944271
116.483894,39.944386
116.483894,39.944622
116.483894,39.944740
116.483902,39.944973
116.483902,39.945091
116.483902,39.945320
116.483902,39.945435
116.483902,39.945774
116.483902,39.945774
116.483902,39.946007
116.483902,39.946121
116.483902,39.946495
116.483902,39.946495
116.483902,39.946629
116.483902,39.946899
116.483902,39.947033
116.483902,39.947163
116.483902,39.947414
116.483902,39.947536
116.483902,39.947781
116.483902,39.947899
116.483902,39.948151
116.483894,39.948277
116.483887,39.948528
116.483887,39.948658
116.483879,39.948925
116.483871,39.949059
116.483871,39.949192
116.483856,39.949467
116.483849,39.949604
116.483841,39.949741
116.483826,39.950016
116.483810,39.950157
116.483780,39.950451
116.483765,39.950600
116.483727,39.950909
116.483704,39.951069
116.483658,39.951385
116.483635,39.951546
116.483574,39.951866
116.483543,39.952026
116.483505,39.952175
116.483452,39.952423
116.483421,39.952538
116.483368,39.952766
116.483337,39.952892
116.483253,39.953156
116.483208,39.953297
116.483162,39.953438
116.483063,39.953716
116.483009,39.953857
116.482956,39.954006
116.482826,39.954311
116.482765,39.954472
116.482689,39.954628
116.482536,39.954952
116.482460,39.955116
116.482285,39.955444
116.482193,39.955605
116.481995,39.955929
116.481903,39.956085
116.481697,39.956398
116.481590,39.956554
116.481377,39.956863
116.481262,39.957012
116.481033,39.957306
116.480919,39.957447
116.480804,39.957588
116.480568,39.957859
116.480217,39.958256
116.480217,39.958256
116.480087,39.958385
116.479836,39.958637
116.479706,39.958763
116.479301,39.959145
116.479301,39.959145
116.479019,39.959393
116.478874,39.959518
116.478729,39.959644
116.478432,39.959896
116.478271,39.960018
116.477806,39.960384
116.477806,39.960384
116.477654,39.960503
116.477341,39.960732
116.477196,39.960842
116.476898,39.961056
116.476608,39.961262
116.476463,39.961361
116.476067,39.961639
116.476067,39.961639
116.475929,39.961731
116.475662,39.961910
116.475525,39.962002
116.475250,39.962185
116.475121,39.962276
116.474701,39.962551
116.474701,39.962551
116.474564,39.962646
116.474281,39.962833
116.474144,39.962925
116.473877,39.963104
116.473740,39.963192
116.473602,39.963284
116.473335,39.963463
116.473198,39.963554
116.472931,39.963734
116.472794,39.963825
116.472382,39.964096
116.472382,39.964096
116.472237,39.964191
116.471939,39.964382
116.471794,39.964481
116.471504,39.964676
116.471367,39.964767
116.471237,39.964859
116.470970,39.965034
116.470833,39.965126
116.470436,39.965389
116.470436,39.965389
116.470306,39.965473
116.470055,39.965641
116.469933,39.965725
116.469681,39.965893
116.469551,39.965977
116.469421,39.966061
116.469170,39.966228
116.469048,39.966309
116.468697,39.966545
116.468697,39.966545
116.468575,39.966625
116.468315,39.966793
116.468185,39.966877
116.468063,39.966961
116.467819,39.967125
116.467705,39.967201
116.467590,39.967281
116.467354,39.967438
116.467239,39.967518
116.466995,39.967678
116.466866,39.967766
116.466599,39.967937
116.466461,39.968025
116.466187,39.968204
116.466049,39.968296
116.465919,39.968384
116.465645,39.968563
116.465508,39.968651
116.465240,39.968826
116.465111,39.968910
116.464981,39.968994
116.464745,39.969151
116.464615,39.969234
116.464249,39.969471
116.464249,39.969471
116.464020,39.969627
116.463898,39.969707
116.463531,39.969952
116.463531,39.969952
116.463402,39.970032
116.463165,39.970196
116.463043,39.970272
116.462799,39.970432
116.462685,39.970512
116.462433,39.970676
116.462051,39.970924
116.462051,39.970924
116.461922,39.971004
116.461800,39.971088
116.461548,39.971252
116.461433,39.971336
116.461304,39.971420
116.461174,39.971508
116.460907,39.971680
116.460770,39.971767
116.460495,39.971947
116.460358,39.972034
116.459961,39.972294
116.459961,39.972294
116.459824,39.972385
116.459541,39.972569
116.459396,39.972660
116.459106,39.972851
116.458961,39.972946
116.458672,39.973129
116.458534,39.973213
116.458260,39.973389
116.458130,39.973473
116.457886,39.973633
116.457771,39.973705
116.457550,39.973854
116.457436,39.973927
116.457100,39.974136
116.457100,39.974136
116.457001,39.974205
116.456795,39.974335
116.456696,39.974400
116.456482,39.974537
116.456375,39.974606
116.456146,39.974751
116.456032,39.974823
116.455811,39.974968
116.455704,39.975037
116.455605,39.975105
116.455391,39.975246
116.455284,39.975315
116.455070,39.975456
116.454964,39.975529
116.454620,39.975750
116.454620,39.975750
116.454514,39.975822
116.454285,39.975975
116.454170,39.976051
116.453819,39.976280
116.453819,39.976280
116.453705,39.976357
116.453468,39.976509
116.453346,39.976589
116.453094,39.976757
116.452957,39.976845
116.452682,39.977024
116.452545,39.977112
116.452118,39.977394
116.452118,39.977394
116.451981,39.977489
116.451691,39.977676
116.451546,39.977772
116.451248,39.977966
116.451103,39.978062
116.450958,39.978157
116.450676,39.978336
116.450539,39.978424
116.450279,39.978600
116.450150,39.978687
116.450012,39.978771
116.449753,39.978947
116.449631,39.979027
116.449501,39.979115
116.449242,39.979282
116.449104,39.979370
116.448837,39.979549
116.448700,39.979637
116.448563,39.979725
116.448296,39.979904
116.448166,39.979988
116.448029,39.980076
116.447762,39.980255
116.447624,39.980347
116.447350,39.980526
116.447212,39.980614
116.447083,39.980698
116.446838,39.980858
116.446716,39.980942
116.446457,39.981110
116.446327,39.981194
116.446190,39.981281
116.446053,39.981369
116.445786,39.981544
116.445648,39.981632
116.445244,39.981899
116.445244,39.981899
116.445107,39.981991
116.444824,39.982174
116.444679,39.982269
116.444397,39.982456
116.444252,39.982552
116.443832,39.982830
116.443832,39.982830
116.443687,39.982925
116.443405,39.983109
116.443260,39.983200
116.443123,39.983295
116.442833,39.983479
116.442696,39.983574
116.442245,39.983852
116.442245,39.983852
116.442101,39.983940
116.441795,39.984104
116.441643,39.984184
116.441162,39.984425
116.441162,39.984425
116.440994,39.984501
116.440651,39.984642
116.440483,39.984711
116.440140,39.984840
116.439980,39.984901
116.439827,39.984962
116.439529,39.985073
116.439392,39.985126
116.439255,39.985180
116.438980,39.985287
116.438843,39.985336
116.438568,39.985439
116.438423,39.985493
116.438126,39.985600
116.437965,39.985661
116.437645,39.985786
116.437485,39.985847
116.437317,39.985912
116.436981,39.986042
116.436829,39.986099
116.436661,39.986160
116.436325,39.986286
116.436150,39.986351
116.435974,39.986416
116.435478,39.986603
116.435478,39.986603
116.435326,39.986656
116.435051,39.986755
116.434944,39.986790
116.434830,39.986824
116.434593,39.986923
116.434471,39.986965
116.434151,39.987083
116.434151,39.987083
116.434059,39.987118
116.433884,39.987183
116.433800,39.987213
116.433723,39.987244
116.433556,39.987301
116.433472,39.987328
116.433174,39.987415
116.433174,39.987415
116.433067,39.987446
116.432716,39.987537
116.432716,39.987537
116.432594,39.987564
116.432343,39.987617
116.432213,39.987637
116.431961,39.987679
116.431831,39.987701
116.431694,39.987720
116.431435,39.987755
116.431305,39.987770
116.431175,39.987782
116.430946,39.987793
116.430840,39.987801
116.430634,39.987812
116.430534,39.987820
116.430428,39.987823
116.430229,39.987831
116.430130,39.987831
116.430023,39.987835
116.429794,39.987835
116.429680,39.987835
116.429565,39.987835
116.429329,39.987835
116.429207,39.987835
116.429070,39.987831
116.428802,39.987823
116.428673,39.987820
116.428429,39.987812
116.428307,39.987812
116.428055,39.987812
116.427925,39.987808
116.427513,39.987793
116.427513,39.987793
116.427101,39.987789
116.427101,39.987789
116.426651,39.987778
116.426651,39.987778
116.426491,39.987774
116.426163,39.987766
116.425987,39.987762
116.425461,39.987755
116.425461,39.987755
116.424950,39.987740
116.424950,39.987740
116.424782,39.987732
116.424461,39.987728
116.424301,39.987728
116.423790,39.987720
116.423790,39.987720
116.423622,39.987720
116.423294,39.987717
116.423126,39.987713
116.422791,39.987701
116.422623,39.987698
116.422104,39.987686
116.422104,39.987686
116.421928,39.987682
116.421570,39.987679
116.421379,39.987675
116.421196,39.987667
116.420830,39.987659
116.420647,39.987652
116.420288,39.987644
116.420120,39.987637
116.419952,39.987637
116.419617,39.987629
116.419456,39.987625
116.419296,39.987621
116.418976,39.987614
116.418831,39.987614
116.418442,39.987606
116.418442,39.987606
116.418320,39.987602
116.417931,39.987583
116.417931,39.987583
116.417801,39.987576
116.417549,39.987572
116.417419,39.987572
116.417152,39.987564
116.417015,39.987560
116.416870,39.987556
116.416588,39.987549
116.416443,39.987545
116.416153,39.987537
116.416000,39.987534
116.415710,39.987526
116.415558,39.987522
116.415413,39.987518
116.415115,39.987511
116.414970,39.987507
116.414566,39.987495
116.414566,39.987495
116.414436,39.987492
116.414307,39.987488
116.414070,39.987480
116.413956,39.987476
116.413597,39.987465
116.413597,39.987465
116.413483,39.987461
116.413368,39.987457
116.413139,39.987450
116.413017,39.987442
116.412674,39.987431
116.412674,39.987431
116.412567,39.987427
116.412453,39.987423
116.412239,39.987415
116.412132,39.987411
116.411926,39.987404
116.411827,39.987400
116.411728,39.987396
116.411629,39.987392
116.411446,39.987389
116.411362,39.987385
116.411179,39.987381
116.411087,39.987377
116.410995,39.987373
116.410912,39.987370
116.410744,39.987366
116.410660,39.987362
116.410454,39.987358
116.410347,39.987354
116.410225,39.987350
116.409996,39.987343
116.409866,39.987335
116.409744,39.987331
116.409508,39.987324
116.409386,39.987320
116.409004,39.987309
116.409004,39.987309
116.408875,39.987305
116.408463,39.987293
116.408463,39.987293
116.408333,39.987289
116.407936,39.987274
116.407936,39.987274
116.407806,39.987274
116.407532,39.987263
116.407394,39.987259
116.407257,39.987255
116.406990,39.987247
116.406860,39.987244
116.406456,39.987236
116.406456,39.987236
116.406311,39.987228
116.406036,39.987225
116.405891,39.987221
116.405754,39.987217
116.405464,39.987206
116.405327,39.987202
116.405022,39.987198
116.404861,39.987198
116.404701,39.987194
116.404358,39.987183
116.404182,39.987179
116.403824,39.987179
116.403648,39.987175
116.403290,39.987186
116.403099,39.987190
116.402916,39.987190
116.402367,39.987183
116.402367,39.987183
116.402176,39.987175
116.401985,39.987164
116.401398,39.987137
116.401398,39.987137
116.401199,39.987125
116.400780,39.987110
116.400574,39.987103
116.400185,39.987080
116.400002,39.987072
116.399635,39.987061
116.399460,39.987057
116.399124,39.987049
116.398972,39.987045
116.398666,39.987041
116.398376,39.987034
116.398239,39.987034
116.398094,39.987038
116.397835,39.987038
116.397705,39.987034
116.397438,39.987034
116.397301,39.987034
116.396896,39.987022
116.396896,39.987022
116.396767,39.987019
116.396515,39.987007
116.396400,39.987007
116.396179,39.987003
116.396065,39.987000
116.395851,39.986996
116.395737,39.986992
116.395546,39.986988
116.395447,39.986984
116.395355,39.986980
116.395233,39.986973
116.395195,39.986969
116.395149,39.986973
116.395065,39.986973
116.395027,39.986969
116.394943,39.986958
116.394897,39.986958
116.394852,39.986954
116.394753,39.986946
116.394707,39.986946
116.394600,39.986942
116.394547,39.986942
116.394424,39.986935
116.394348,39.986935
116.394180,39.986931
116.394104,39.986931
116.394051,39.986923
116.393967,39.986912
116.393921,39.986912
116.393768,39.986912
116.393768,39.986912
116.393715,39.986904
116.393608,39.986904
116.393562,39.986904
116.393517,39.986904
116.393471,39.986904
116.393417,39.986900
116.393410,39.986900
116.393402,39.986904
116.393402,39.986908
116.393394,39.986908
116.393387,39.986900
116.393387,39.986900
116.393387,39.986900
116.393364,39.986893
116.393372,39.986893
116.393379,39.986893
116.393379,39.986897
116.393379,39.986897
116.393372,39.986897
116.393356,39.986900
116.393341,39.986900
116.393318,39.986897
116.393219,39.986897
116.393219,39.986897
116.393173,39.986893
116.393074,39.986889
116.393028,39.986889
116.392967,39.986889
116.392876,39.986881
116.392838,39.986881
116.392799,39.986877
116.392700,39.986881
116.392494,39.986862
116.392494,39.986862
116.392349,39.986858
116.392273,39.986858
116.392128,39.986855
116.392052,39.986851
116.391937,39.986839
116.391899,39.986839
116.391815,39.986847
116.391815,39.986847
116.391777,39.986843
116.391747,39.986835
116.391655,39.986816
116.391609,39.986813
116.391510,39.986816
116.391472,39.986816
116.391426,39.986816
116.391396,39.986813
116.391289,39.986813
116.391289,39.986813
116.391266,39.986809
116.391235,39.986809
116.391159,39.986805
116.391159,39.986805
116.391136,39.986805
116.391113,39.986805
116.391068,39.986801
116.391052,39.986801
116.391022,39.986797
116.390999,39.986794
116.390953,39.986790
116.390930,39.986790
116.390907,39.986790
116.390892,39.986790
116.390846,39.986786
116.390839,39.986786
116.390816,39.986786
116.390755,39.986782
116.390755,39.986782
116.390732,39.986782
116.390709,39.986778
116.390694,39.986778
116.390648,39.986778
116.390625,39.986778
116.390602,39.986774
116.390549,39.986774
116.390518,39.986774
116.390488,39.986771
116.390457,39.986771
116.390388,39.986771
116.390350,39.986767
116.390305,39.986767
116.390236,39.986763
116.390198,39.986763
116.390114,39.986759
116.390068,39.986759
116.390015,39.986755
116.389893,39.986752
116.389832,39.986748
116.389771,39.986748
116.389633,39.986744
116.389565,39.986740
116.389503,39.986736
116.389374,39.986732
116.389305,39.986729
116.389175,39.986729
116.389107,39.986725
116.388908,39.986721
116.388908,39.986721
116.388779,39.986717
116.388710,39.986713
116.388641,39.986713
116.388435,39.986706
116.388435,39.986706
116.388367,39.986706
116.388237,39.986702
116.388176,39.986702
116.388115,39.986698
116.387932,39.986694
116.387932,39.986694
116.387878,39.986691
116.387817,39.986687
116.387665,39.986683
116.387665,39.986683
116.387627,39.986679
116.387573,39.986679
116.387474,39.986675
116.387398,39.986668
116.387321,39.986656
116.387207,39.986645
116.387154,39.986641
116.387077,39.986637
116.386917,39.986637
116.386841,39.986629
116.386803,39.986633
116.386696,39.986637
116.386612,39.986645
116.386536,39.986641
116.386368,39.986633
116.386292,39.986637
116.386147,39.986629
116.386078,39.986629
116.386009,39.986633
116.385811,39.986626
116.385811,39.986626
116.385765,39.986629
116.385666,39.986637
116.385666,39.986637
116.385635,39.986633
116.385574,39.986629
116.385536,39.986626
116.385506,39.986622
116.385445,39.986626
116.385414,39.986626
116.385376,39.986626
116.385323,39.986626
116.385300,39.986629
116.385269,39.986633
116.385201,39.986633
116.385170,39.986633
116.385147,39.986633
116.385101,39.986637
116.385071,39.986641
116.385040,39.986637
116.384964,39.986637
116.384926,39.986633
116.384880,39.986633
116.384796,39.986633
116.384758,39.986629
116.384705,39.986633
116.384674,39.986633
116.384644,39.986637
116.384575,39.986633
116.384544,39.986633
116.384499,39.986633
116.384377,39.986629
116.384377,39.986629
116.384338,39.986629
116.384300,39.986629
116.384232,39.986629
116.384201,39.986629
116.384171,39.986629
116.384102,39.986629
116.384064,39.986629
116.384026,39.986626
116.383942,39.986626
116.383904,39.986626
116.383858,39.986626
116.383774,39.986622
116.383728,39.986626
116.383682,39.986626
116.383598,39.986622
116.383553,39.986622
116.383507,39.986622
116.383408,39.986622
116.383362,39.986622
116.383316,39.986622
116.383232,39.986622
116.383194,39.986622
116.383156,39.986622
116.383118,39.986622
116.383041,39.986618
116.383003,39.986618
116.382973,39.986618
116.382927,39.986622
116.382904,39.986622
116.382874,39.986622
116.382851,39.986622
116.382782,39.986622
116.382782,39.986622
116.382751,39.986622
116.382690,39.986622
116.382645,39.986618
116.382500,39.986622
116.382500,39.986622
116.382446,39.986622
116.382393,39.986626
116.382294,39.986629
116.382233,39.986633
116.382111,39.986637
116.382050,39.986637
116.381989,39.986637
116.381798,39.986645
116.381798,39.986645
116.381744,39.986645
116.381699,39.986645
116.381653,39.986645
116.381577,39.986649
116.381538,39.986649
116.381500,39.986649
116.381424,39.986649
116.381386,39.986641
116.381271,39.986641
116.381271,39.986641
116.381233,39.986641
116.381104,39.986645
116.381058,39.986652
116.380997,39.986652
116.380898,39.986652
116.380844,39.986652
116.380791,39.986652
116.380646,39.986645
116.380646,39.986645
116.380600,39.986649
116.380493,39.986652
116.380432,39.986649
116.380310,39.986645
116.380249,39.986645
116.380180,39.986641
116.380035,39.986637
116.379967,39.986633
116.379837,39.986626
116.379776,39.986622
116.379723,39.986622
116.379608,39.986618
116.379539,39.986618
116.379478,39.986614
116.379417,39.986610
116.379303,39.986607
116.379242,39.986607
116.379189,39.986603
116.379066,39.986595
116.378998,39.986591
116.378860,39.986588
116.378784,39.986584
116.378708,39.986580
116.378502,39.986565
116.378502,39.986565
116.378433,39.986561
116.378372,39.986553
116.378227,39.986538
116.378227,39.986538
116.378143,39.986538
116.378082,39.986530
116.377953,39.986504
116.377785,39.986485
116.377594,39.986477
116.377373,39.986465
116.377113,39.986446
116.376976,39.986439
116.376701,39.986420
116.376564,39.986408
116.376282,39.986389
116.376137,39.986385
116.375717,39.986374
116.375717,39.986374
116.375587,39.986374
116.375351,39.986366
116.375237,39.986362
116.375015,39.986355
116.374901,39.986347
116.374786,39.986336
116.374527,39.986317
116.374390,39.986313
116.374100,39.986313
116.373795,39.986301
116.373634,39.986298
116.373466,39.986298
116.373138,39.986286
116.372643,39.986282
116.372643,39.986282
116.372482,39.986282
116.372147,39.986286
116.371613,39.986275
116.371613,39.986275
116.371437,39.986271
116.371086,39.986259
116.370575,39.986248
116.370575,39.986248
116.370247,39.986240
116.370094,39.986240
116.369797,39.986233
116.369659,39.986229
116.369530,39.986225
116.369324,39.986214
116.369232,39.986210
116.369156,39.986210
116.369011,39.986206
116.368950,39.986202
116.368889,39.986198
116.368759,39.986187
116.368690,39.986179
116.368614,39.986179
116.368401,39.986179
116.368401,39.986179
116.368332,39.986179
116.368271,39.986176
116.368164,39.986168
116.368126,39.986168
116.368088,39.986168
116.367989,39.986172
116.367989,39.986172
116.367950,39.986172
116.367851,39.986168
116.367851,39.986168
116.367805,39.986164
116.367706,39.986160
116.367661,39.986160
116.367569,39.986156
116.367477,39.986153
116.367439,39.986153
116.367348,39.986153
116.367302,39.986153
116.367256,39.986153
116.367172,39.986149
116.367134,39.986149
116.367050,39.986149
116.367050,39.986149
116.367035,39.986149
116.366989,39.986149
116.366966,39.986149
116.366936,39.986145
116.366852,39.986137
116.366806,39.986134
116.366707,39.986134
116.366646,39.986130
116.366524,39.986115
116.366463,39.986118
116.366379,39.986118
116.366188,39.986111
116.366104,39.986118
116.365944,39.986126
116.365868,39.986122
116.365707,39.986122
116.365623,39.986118
116.365448,39.986111
116.365349,39.986103
116.365067,39.986103
116.365067,39.986103
116.364975,39.986103
116.364784,39.986103
116.364685,39.986103
116.364487,39.986099
116.364388,39.986095
116.364281,39.986095
116.364067,39.986092
116.363968,39.986088
116.363770,39.986088
116.363670,39.986084
116.363579,39.986080
116.363388,39.986076
116.363297,39.986076
116.363129,39.986073
116.363037,39.986069
116.362846,39.986057
116.362740,39.986053
116.362511,39.986046
116.362267,39.986042
116.362144,39.986034
116.362007,39.986031
116.361732,39.986023
116.361458,39.986015
116.361313,39.986015
116.361168,39.986015
116.360870,39.986008
116.360718,39.986008
116.360413,39.986000
116.360252,39.985996
116.359940,39.985985
116.359619,39.985977
116.359459,39.985970
116.359131,39.985958
116.358971,39.985954
116.358665,39.985943
116.358528,39.985939
116.358292,39.985924
116.358086,39.985916
116.357986,39.985912
116.357689,39.985893
116.357689,39.985893
116.357590,39.985886
116.357399,39.985878
116.357300,39.985874
116.357094,39.985867
116.356987,39.985863
116.356888,39.985859
116.356682,39.985855
116.356575,39.985855
116.356346,39.985851
116.356209,39.985847
116.355927,39.985832
116.355774,39.985828
116.355484,39.985821
116.355347,39.985813
116.355042,39.985809
116.354889,39.985806
116.354584,39.985794
116.354424,39.985794
116.354118,39.985786
116.353966,39.985783
116.353653,39.985771
116.353500,39.985767
116.353355,39.985764
116.353058,39.985756
116.352913,39.985752
116.352608,39.985744
116.352455,39.985737
116.351974,39.985722
116.351974,39.985722
116.351814,39.985718
116.351494,39.985710
116.351334,39.985706
116.350998,39.985699
116.350830,39.985695
116.350494,39.985687
116.350334,39.985680
116.350174,39.985676
116.349854,39.985668
116.349701,39.985664
116.349388,39.985657
116.348907,39.985638
116.348907,39.985638
116.348602,39.985630
116.348450,39.985626
116.348152,39.985622
116.347855,39.985615
116.347710,39.985607
116.347267,39.985596
116.347267,39.985596
116.347122,39.985592
116.346657,39.985577
116.346657,39.985577
116.346336,39.985565
116.346184,39.985561
116.346024,39.985558
116.345711,39.985554
116.345253,39.985542
116.345253,39.985542
116.345100,39.985542
116.344788,39.985535
116.344627,39.985527
116.344315,39.985519
116.344162,39.985516
116.343842,39.985504
116.343674,39.985500
116.343346,39.985489
116.343185,39.985485
116.342850,39.985474
116.342690,39.985470
116.342369,39.985458
116.341888,39.985447
116.341888,39.985447
116.341583,39.985443
116.341431,39.985443
116.341011,39.985439
116.341011,39.985439
116.340881,39.985443
116.340591,39.985443
116.340446,39.985439
116.340172,39.985443
116.340034,39.985443
116.339897,39.985439
116.339638,39.985432
116.339386,39.985424
116.339264,39.985424
116.339134,39.985420
116.338898,39.985413
116.338799,39.985405
116.338524,39.985401
116.338524,39.985401
116.338264,39.985405
116.338264,39.985405
116.338051,39.985394
116.337929,39.985390
116.337791,39.985382
116.337494,39.985374
116.337334,39.985374
116.337166,39.985371
116.336624,39.985344
116.336624,39.985344
116.336441,39.985332
116.336243,39.985325
116.336052,39.985313
116.335648,39.985291
116.335442,39.985279
116.335243,39.985268
116.334824,39.985249
116.334602,39.985233
116.334381,39.985222
116.334000,39.985199
116.333809,39.985195
116.333603,39.985191
116.333397,39.985180
116.333191,39.985168
116.332787,39.985153
116.332581,39.985146
116.332375,39.985134
116.331970,39.985107
116.331596,39.985081
116.331406,39.985073
116.331039,39.985062
116.330849,39.985054
116.330437,39.985043
116.330040,39.985039
116.329651,39.985020
116.329285,39.984989
116.329124,39.984962
116.328926,39.984951
116.328835,39.984959
116.328659,39.984978
116.328476,39.984962
116.328476,39.984962
116.328430,39.984962
116.328384,39.984966
116.328384,39.984966
116.328384,39.984966
116.328377,39.984962
116.328384,39.984959
116.328384,39.984955
116.328384,39.984955
116.328384,39.984955
116.328392,39.984955
116.328346,39.984940
116.328354,39.984940
116.328354,39.984943
116.328362,39.984943
116.328362,39.984947
116.328362,39.984947
116.328369,39.984947
116.328369,39.984951
116.328369,39.984951
116.328369,39.984951
116.328369,39.984951
116.328369,39.984955
116.328377,39.984955
116.328377,39.984955
116.328377,39.984955
116.328377,39.984955
116.328377,39.984959
116.328377,39.984959
116.328377,39.984959
116.328377,39.984962
116.328377,39.984962
116.328377,39.984962
116.328384,39.984962
116.328384,39.984962
116.328384,39.984962
116.328384,39.984962
116.328384,39.984962
116.328384,39.984966
116.328384,39.984966
116.328384,39.984966
116.328384,39.984966
116.328384,39.984966
116.328384,39.984966
116.328384,39.984966
116.328384,39.984970
116.328384,39.984970
116.328384,39.984970
116.328384,39.984970
116.328384,39.984970
116.328384,39.984970
116.328384,39.984970
116.328384,39.984970
116.328384,39.984970
116.328384,39.984970
116.328384,39.984974
116.328384,39.984974
116.328384,39.984974
116.328384,39.984974
116.328384,39.984974
116.328384,39.984974
116.328384,39.984974
116.328384,39.984974
116.328384,39.984974
116.328384,39.984978
116.328384,39.984978
116.328384,39.984978
116.328384,39.984978
116.328384,39.984978
116.328384,39.984978
116.328384,39.984978
116.328384,39.984978
116.328384,39.984978
116.328384,39.984978
116.328384,39.984978
116.328384,39.984978
116.328384,39.984978
116.328384,39.984978
116.328384,39.984978
116.328384,39.984978
116.328384,39.984978
116.328384,39.984978
116.328384,39.984982
116.328384,39.984978
116.328384,39.984978
116.328377,39.984974
116.328346,39.984970
116.328323,39.984966
116.328293,39.984966
116.328255,39.984966
116.328148,39.984959
116.328087,39.984955
116.327950,39.984947
116.327881,39.984943
116.327667,39.984928
116.327667,39.984928
116.327599,39.984928
116.327530,39.984924
116.327461,39.984921
116.327400,39.984913
116.327301,39.984913
116.327232,39.984913
116.327141,39.984905
116.326805,39.984856
116.326805,39.984856
116.326691,39.984844
116.326424,39.984818
116.326279,39.984806
116.326126,39.984795
116.325653,39.984749
116.325653,39.984749
116.325500,39.984737
116.325172,39.984718
116.325005,39.984707
116.324829,39.984695
116.324661,39.984684
116.324326,39.984669
116.324165,39.984661
116.323730,39.984638
116.323730,39.984638
116.323601,39.984634
116.323341,39.984634
116.323212,39.984634
116.322952,39.984631
116.322586,39.984627
116.322586,39.984627
116.322365,39.984623
116.322258,39.984623
116.322083,39.984615
116.322006,39.984612
116.321877,39.984608
116.321877,39.984608
116.321861,39.984612
116.321854,39.984619
116.321838,39.984619
116.321838,39.984619
116.321838,39.984615
116.321838,39.984612
116.321846,39.984612
116.321846,39.984612
116.321846,39.984612
116.321815,39.984608
116.321815,39.984608
116.321823,39.984612
116.321823,39.984612
116.321823,39.984612
116.321823,39.984615
116.321823,39.984615
116.321823,39.984619
116.321823,39.984619
116.321823,39.984619
116.321823,39.984619
116.321823,39.984623
116.321823,39.984627
116.321823,39.984627
116.321823,39.984627
116.321823,39.984631
116.321823,39.984634
116.321823,39.984634
116.321831,39.984638
116.321831,39.984638
116.321823,39.984638
116.321823,39.984638
116.321823,39.984642
116.321831,39.984642
116.321831,39.984642
116.321831,39.984642
116.321831,39.984646
116.321831,39.984646
116.321831,39.984646
116.321831,39.984646
116.321831,39.984650
116.321831,39.984650
116.321831,39.984650
116.321831,39.984650
116.321831,39.984650
116.321831,39.984650
116.321823,39.984650
116.321815,39.984653
116.321793,39.984653
116.321724,39.984650
116.321671,39.984650
116.321533,39.984642
116.321442,39.984638
116.321342,39.984634
116.321106,39.984627
116.320976,39.984619
116.320702,39.984604
116.320557,39.984596
116.320236,39.984577
116.320084,39.984570
116.319923,39.984562
116.319595,39.984547
116.319427,39.984539
116.319260,39.984528
116.318916,39.984512
116.318741,39.984505
116.318398,39.984489
116.318214,39.984478
116.318031,39.984470
116.317673,39.984451
116.317497,39.984444
116.317322,39.984436
116.316994,39.984425
116.316841,39.984417
116.316376,39.984398
116.316376,39.984398
116.316223,39.984394
116.316071,39.984386
116.315788,39.984379
116.315659,39.984371
116.315536,39.984367
116.315315,39.984356
116.315231,39.984356
116.315155,39.984356
116.315094,39.984356
116.315010,39.984360
116.314987,39.984364
116.314957,39.984364
116.314926,39.984364
116.314919,39.984364
116.314903,39.984364
116.314896,39.984364
116.314880,39.984360
116.314880,39.984360
116.314888,39.984364
116.314888,39.984367
116.314888,39.984367
116.314888,39.984371
116.314888,39.984371
116.314880,39.984375
116.314873,39.984375
116.314850,39.984375
116.314789,39.984371
116.314743,39.984371
116.314682,39.984367
116.314606,39.984364
116.314583,39.984371
116.314552,39.984371
116.314529,39.984371
116.314507,39.984371
116.314491,39.984375
116.314476,39.984379
116.314468,39.984379
116.314453,39.984379
116.314438,39.984379
116.314400,39.984375
116.314369,39.984375
116.314339,39.984371
116.314323,39.984375
116.314308,39.984375
116.314293,39.984375
116.314232,39.984360
116.314217,39.984360
116.314194,39.984356
116.314156,39.984352
116.314102,39.984348
116.314011,39.984352
116.313980,39.984356
116.313950,39.984360
116.313919,39.984360
116.313896,39.984364
116.313873,39.984364
116.313866,39.984364
116.313858,39.984364
116.313850,39.984364
116.313843,39.984364
116.313843,39.984367
116.313843,39.984367
116.313850,39.984367
116.313835,39.984371
116.313835,39.984371
116.313843,39.984371
116.313843,39.984371
116.313843,39.984371
116.313843,39.984371
116.313843,39.984371
116.313843,39.984375
116.313843,39.984375
116.313843,39.984375
116.313843,39.984379
116.313843,39.984379
116.313843,39.984379
116.313843,39.984383
116.313843,39.984383
116.313850,39.984383
116.313850,39.984386
116.313850,39.984386
116.313850,39.984386
116.313850,39.984386
116.313850,39.984390
116.313850,39.984390
116.313850,39.984394
116.313850,39.984394
116.313850,39.984394
116.313850,39.984394
116.313850,39.984394
116.313850,39.984394
116.313850,39.984394
116.313850,39.984394
116.313850,39.984394
116.313850,39.984394
116.313843,39.984398
116.313843,39.984398
116.313843,39.984398
116.313843,39.984398
116.313843,39.984394
116.313843,39.984394
116.313835,39.984394
116.313828,39.984390
116.313820,39.984390
116.313812,39.984390
116.313797,39.984394
116.313797,39.984394
116.313789,39.984394
116.313789,39.984394
116.313782,39.984394
116.313782,39.984398
116.313782,39.984398
116.313782,39.984398
116.313782,39.984398
116.313782,39.984398
116.313774,39.984398
116.313774,39.984398
116.313774,39.984398
116.313774,39.984398
116.313774,39.984398
116.313774,39.984398
116.313766,39.984398
116.313766,39.984398
116.313766,39.984398
116.313759,39.984398
116.313759,39.984398
116.313759,39.984398
116.313744,39.984398
116.313751,39.984398
116.313744,39.984398
116.313744,39.984402
116.313744,39.984402
116.313751,39.984402
116.313751,39.984402
116.313751,39.984402
116.313744,39.984406
116.313744,39.984406
116.313744,39.984406
116.313744,39.984406
116.313744,39.984409
116.313744,39.984406
116.313744,39.984409
116.313744,39.984409
116.313744,39.984409
116.313744,39.984409
116.313744,39.984409
116.313744,39.984409
116.313744,39.984413
116.313744,39.984413
116.313744,39.984413
116.313744,39.984413
116.313744,39.984413
116.313744,39.984413
116.313736,39.984413
116.313736,39.984413
116.313736,39.984417
116.313736,39.984417
116.313736,39.984417
116.313736,39.984417
116.313736,39.984417
116.313736,39.984417
116.313736,39.984417
116.313736,39.984417
116.313736,39.984421
116.313736,39.984421
116.313736,39.984421
116.313736,39.984421
116.313736,39.984421
116.313736,39.984421
116.313736,39.984421
116.313736,39.984421
116.313736,39.984421
116.313736,39.984421
116.313736,39.984421
116.313736,39.984421
116.313736,39.984421
116.313728,39.984421
116.313736,39.984421
116.313728,39.984421
116.313728,39.984421
116.313728,39.984425
116.313728,39.984425
116.313728,39.984425
116.313728,39.984425
116.313728,39.984425
116.313728,39.984425
116.313728,39.984425
116.313728,39.984425
116.313728,39.984425
116.313728,39.984425
116.313728,39.984425
116.313728,39.984425
116.313728,39.984425
116.313728,39.984425
116.313721,39.984421
116.313705,39.984413
116.313606,39.984406
116.313606,39.984406
116.313553,39.984406
116.313499,39.984406
116.313438,39.984406
116.313301,39.984406
116.313232,39.984406
116.313164,39.984402
116.313087,39.984402
116.313026,39.984398
116.312965,39.984398
116.312897,39.984398
116.312851,39.984406
116.312851,39.984406
116.312820,39.984406
116.312798,39.984402
116.312775,39.984398
116.312752,39.984394
116.312729,39.984394
116.312714,39.984390
116.312645,39.984390
116.312645,39.984390
116.312630,39.984390
116.312622,39.984390
116.312607,39.984390
116.312592,39.984390
116.312576,39.984390
116.312538,39.984390
116.312515,39.984390
116.312500,39.984390
116.312477,39.984386
116.312454,39.984386
116.312393,39.984386
116.312393,39.984386
116.312378,39.984386
116.312363,39.984386
116.312347,39.984386
116.312340,39.984386
116.312332,39.984386
116.312332,39.984390
116.312325,39.984390
116.312325,39.984390
116.312325,39.984390
116.312317,39.984390
116.312325,39.984390
116.312325,39.984390
116.312325,39.984390
116.312325,39.984390
116.312325,39.984390
116.312325,39.984390
116.312325,39.984390
116.312325,39.984390
116.312325,39.984390
116.312325,39.984390
116.312325,39.984390
116.312325,39.984390
116.312325,39.984390
116.312325,39.984390
116.312325,39.984390
116.312325,39.984390
116.312325,39.984390
116.312325,39.984390
116.312325,39.984390
116.312325,39.984390
116.312325,39.984390
116.312325,39.984390
116.312325,39.984390
116.312325,39.984394
116.312325,39.984394
116.312325,39.984394
116.312325,39.984394
116.312325,39.984394
116.312325,39.984394
116.312325,39.984394
116.312325,39.984394
116.312325,39.984394
116.312325,39.984394
116.312325,39.984394
116.312332,39.984394
116.312332,39.984394
116.312332,39.984394
116.312332,39.984394
116.312332,39.984394
116.312332,39.984394
116.312332,39.984394
116.312332,39.984394
116.312332,39.984398
116.312332,39.984398
116.312332,39.984398
116.312332,39.984398
116.312332,39.984398
116.312332,39.984398
116.312332,39.984398
116.312332,39.984398
116.312332,39.984398
116.312332,39.984398
116.312332,39.984398
116.312332,39.984398
116.312332,39.984398
116.312332,39.984398
116.312332,39.984398
116.312332,39.984398
116.312332,39.984398
116.312332,39.984398
116.312332,39.984398
116.312332,39.984398
116.312332,39.984398
116.312332,39.984398
116.312332,39.984398
116.312332,39.984398
116.312332,39.984398
116.312332,39.984398
116.312332,39.984398
116.312332,39.984398
116.312332,39.984402
116.312332,39.984402
116.312332,39.984402
116.312332,39.984402
116.312332,39.984402
116.312332,39.984402
116.312332,39.984402
116.312332,39.984402
116.312332,39.984402
116.312332,39.984402
116.312332,39.984402
116.312332,39.984402
116.312332,39.984402
116.312325,39.984402
116.312325,39.984402
116.312325,39.984402
116.312325,39.984402
116.312325,39.984402
116.312325,39.984402
116.312325,39.984402
116.312325,39.984402
116.312325,39.984406
116.312325,39.984406
116.312325,39.984406
116.312325,39.984406
116.312325,39.984406
116.312325,39.984402
116.312325,39.984402
116.312294,39.984398
116.312263,39.984398
116.312225,39.984398
116.312172,39.984398
116.312042,39.984394
116.311981,39.984394
116.311905,39.984394
116.311836,39.984390
116.311722,39.984383
116.311676,39.984383
116.311630,39.984383
116.311600,39.984383
116.311569,39.984383
116.311554,39.984386
116.311531,39.984386
116.311508,39.984386
116.311508,39.984386
116.311501,39.984383
116.311493,39.984383
116.311485,39.984375
116.311470,39.984375
