116.526039,39.952023
116.526070,39.951984
116.526093,39.951946
116.526123,39.951916
116.526154,39.951862
116.526169,39.951836
116.526260,39.951733
116.526260,39.951733
116.526299,39.951687
116.526382,39.951580
116.526436,39.951515
116.526550,39.951378
116.526619,39.951298
116.526703,39.951214
116.526764,39.951149
116.526848,39.951050
116.526871,39.951015
116.526886,39.950989
116.526917,39.950939
116.526932,39.950916
116.526955,39.950893
116.527000,39.950836
116.527031,39.950806
116.527054,39.950775
116.527122,39.950695
116.527161,39.950653
116.527199,39.950607
116.527328,39.950451
116.527328,39.950451
116.527374,39.950397
116.527420,39.950344
116.527512,39.950241
116.527557,39.950195
116.527634,39.950127
116.527657,39.950096
116.527657,39.950085
116.527634,39.950069
116.527664,39.950024
116.527718,39.949940
116.527779,39.949863
116.527809,39.949810
116.527901,39.949699
116.527954,39.949638
116.528061,39.949528
116.528107,39.949478
116.528198,39.949379
116.528328,39.949234
116.528328,39.949234
116.528381,39.949181
116.528481,39.949074
116.528526,39.949020
116.528625,39.948921
116.528671,39.948872
116.528763,39.948772
116.528809,39.948723
116.528908,39.948624
116.528946,39.948578
116.529030,39.948498
116.529068,39.948460
116.529129,39.948395
116.529160,39.948368
116.529182,39.948341
116.529221,39.948299
116.529243,39.948277
116.529289,39.948235
116.529305,39.948219
116.529320,39.948200
116.529366,39.948151
116.529366,39.948151
116.529381,39.948135
116.529411,39.948105
116.529419,39.948090
116.529434,39.948074
116.529472,39.948036
116.529495,39.948017
116.529533,39.947975
116.529556,39.947948
116.529602,39.947903
116.529625,39.947880
116.529686,39.947823
116.529686,39.947823
116.529701,39.947803
116.529739,39.947765
116.529755,39.947750
116.529793,39.947712
116.529808,39.947697
116.529831,39.947674
116.529869,39.947636
116.529892,39.947617
116.529907,39.947601
116.529945,39.947563
116.529961,39.947544
116.529976,39.947529
116.530014,39.947491
116.530037,39.947468
116.530060,39.947449
116.530098,39.947403
116.530128,39.947380
116.530174,39.947330
116.530197,39.947308
116.530212,39.947289
116.530258,39.947247
116.530273,39.947227
116.530342,39.947163
116.530342,39.947163
116.530365,39.947140
116.530388,39.947117
116.530426,39.947079
116.530449,39.947056
116.530464,39.947037
116.530510,39.946995
116.530525,39.946976
116.530556,39.946953
116.530602,39.946899
116.530632,39.946873
116.530655,39.946846
116.530708,39.946793
116.530731,39.946766
116.530815,39.946686
116.530815,39.946686
116.530846,39.946659
116.530869,39.946632
116.530922,39.946579
116.530952,39.946552
116.531006,39.946499
116.531013,39.946491
116.531097,39.946404
116.531097,39.946404
116.531158,39.946339
116.531197,39.946304
116.531265,39.946232
116.531296,39.946198
116.531364,39.946129
116.531425,39.946064
116.531456,39.946030
116.531555,39.945934
116.531555,39.945934
116.531647,39.945847
116.531647,39.945847
116.531670,39.945820
116.531715,39.945770
116.531738,39.945751
116.531761,39.945728
116.531799,39.945686
116.531822,39.945671
116.531876,39.945614
116.531876,39.945614
116.531937,39.945557
116.531937,39.945557
116.531952,39.945538
116.531990,39.945499
116.532005,39.945480
116.532021,39.945461
116.532066,39.945415
116.532066,39.945415
116.532082,39.945396
116.532097,39.945381
116.532135,39.945347
116.532150,39.945332
116.532166,39.945312
116.532196,39.945282
116.532211,39.945267
116.532227,39.945255
116.532234,39.945240
116.532257,39.945221
116.532265,39.945213
116.532295,39.945187
116.532303,39.945175
116.532318,39.945156
116.532356,39.945114
116.532356,39.945114
116.532372,39.945107
116.532387,39.945084
116.532394,39.945072
116.532410,39.945057
116.532440,39.945030
116.532448,39.945019
116.532455,39.945004
116.532494,39.944965
116.532494,39.944965
116.532509,39.944950
116.532516,39.944935
116.532547,39.944904
116.532562,39.944889
116.532578,39.944870
116.532608,39.944839
116.532623,39.944820
116.532639,39.944805
116.532669,39.944775
116.532677,39.944763
116.532692,39.944752
116.532700,39.944736
116.532715,39.944725
116.532661,39.944782
116.532661,39.944782
116.532661,39.944786
116.532654,39.944786
116.532654,39.944786
116.532654,39.944782
116.532661,39.944778
116.532677,39.944759
116.532692,39.944744
116.532738,39.944695
116.532738,39.944695
116.532753,39.944675
116.532768,39.944660
116.532784,39.944645
116.532814,39.944607
116.532837,39.944584
116.532852,39.944565
116.532867,39.944542
116.532913,39.944500
116.532928,39.944477
116.532951,39.944454
116.532990,39.944412
116.533005,39.944393
116.533020,39.944374
116.533035,39.944359
116.533043,39.944344
116.533066,39.944321
116.533081,39.944305
116.533089,39.944294
116.533096,39.944286
116.533104,39.944283
116.533112,39.944271
116.533112,39.944267
116.533119,39.944263
116.533127,39.944256
116.533150,39.944237
116.533157,39.944225
116.533165,39.944221
116.533165,39.944214
116.533173,39.944202
116.533180,39.944199
116.533180,39.944191
116.533195,39.944180
116.533195,39.944172
116.533203,39.944164
116.533211,39.944160
116.533218,39.944153
116.533234,39.944130
116.533234,39.944130
116.533241,39.944122
116.533257,39.944111
116.533272,39.944088
116.533287,39.944077
116.533295,39.944061
116.533272,39.944092
116.533272,39.944092
116.533272,39.944088
116.533272,39.944084
116.533272,39.944084
116.533287,39.944073
116.533287,39.944073
116.533287,39.944069
116.533287,39.944065
116.533295,39.944054
116.533295,39.944054
116.533302,39.944050
116.533310,39.944046
116.533310,39.944038
116.533318,39.944031
116.533325,39.944016
116.533340,39.944004
116.533379,39.943951
116.533379,39.943951
116.533394,39.943928
116.533409,39.943905
116.533447,39.943863
116.533463,39.943844
116.533493,39.943802
116.533508,39.943783
116.533524,39.943756
116.533569,39.943707
116.533592,39.943668
116.533653,39.943596
116.533684,39.943558
116.533737,39.943489
116.533768,39.943451
116.533791,39.943420
116.533836,39.943359
116.533859,39.943329
116.533882,39.943306
116.533897,39.943283
116.533928,39.943241
116.533943,39.943226
116.533951,39.943207
116.533966,39.943192
116.533981,39.943176
116.533989,39.943169
116.534004,39.943146
116.534012,39.943134
116.534019,39.943123
116.534027,39.943115
116.534035,39.943100
116.534042,39.943092
116.534050,39.943081
116.534073,39.943050
116.534073,39.943050
116.534088,39.943039
116.534088,39.943031
116.534103,39.943020
116.534111,39.943005
116.534096,39.943020
116.534096,39.943020
116.534103,39.943016
116.534103,39.943012
116.534119,39.942989
116.534119,39.942989
116.534126,39.942978
116.534134,39.942963
116.534164,39.942917
116.534164,39.942917
116.534180,39.942902
116.534187,39.942886
116.534149,39.942936
116.534157,39.942932
116.534157,39.942928
116.534157,39.942924
116.534164,39.942921
116.534172,39.942905
116.534172,39.942905
116.534172,39.942902
116.534172,39.942898
116.534180,39.942890
116.534180,39.942886
116.534180,39.942883
116.534187,39.942871
116.534195,39.942863
116.534203,39.942852
116.534218,39.942818
116.534233,39.942802
116.534241,39.942780
116.534271,39.942734
116.534286,39.942711
116.534317,39.942665
116.534332,39.942635
116.534348,39.942608
116.534386,39.942554
116.534393,39.942532
116.534409,39.942505
116.534439,39.942455
116.534462,39.942429
116.534492,39.942371
116.534508,39.942345
116.534531,39.942314
116.534569,39.942257
116.534584,39.942226
116.534599,39.942196
116.534645,39.942135
116.534660,39.942104
116.534698,39.942043
116.534714,39.942017
116.534729,39.941986
116.534760,39.941940
116.534775,39.941917
116.534790,39.941891
116.534798,39.941872
116.534813,39.941849
116.534843,39.941807
116.534851,39.941788
116.534866,39.941765
116.534889,39.941727
116.534897,39.941715
116.534904,39.941696
116.534882,39.941738
116.534866,39.941757
116.534866,39.941761
116.534874,39.941757
116.534874,39.941753
116.534874,39.941753
116.534874,39.941753
116.534874,39.941753
116.534874,39.941757
116.534882,39.941750
116.534882,39.941746
116.534904,39.941681
116.534904,39.941681
116.534950,39.941582
116.534950,39.941582
116.534966,39.941547
116.535004,39.941475
116.535019,39.941441
116.535019,39.941433
116.535049,39.941368
116.535065,39.941334
116.535088,39.941299
116.535110,39.941238
116.535126,39.941204
116.535172,39.941109
116.535172,39.941109
116.535179,39.941090
116.535202,39.941040
116.535217,39.941006
116.535248,39.940937
116.535263,39.940907
116.535278,39.940872
116.535294,39.940838
116.535309,39.940807
116.535339,39.940754
116.535347,39.940727
116.535362,39.940701
116.535385,39.940647
116.535400,39.940624
116.535408,39.940601
116.535431,39.940556
116.535439,39.940536
116.535454,39.940514
116.535469,39.940468
116.535484,39.940445
116.535492,39.940426
116.535522,39.940357
116.535522,39.940357
116.535530,39.940334
116.535538,39.940311
116.535553,39.940262
116.535568,39.940239
116.535576,39.940216
116.535591,39.940166
116.535606,39.940140
116.535614,39.940121
116.535629,39.940083
116.535637,39.940060
116.535645,39.940041
116.535660,39.939995
116.535667,39.939972
116.535675,39.939953
116.535690,39.939907
116.535698,39.939888
116.535713,39.939865
116.535721,39.939842
116.535728,39.939804
116.535736,39.939785
116.535744,39.939766
116.535751,39.939743
116.535767,39.939701
116.535774,39.939678
116.535782,39.939655
116.535789,39.939636
116.535805,39.939594
116.535805,39.939575
116.535812,39.939556
116.535828,39.939507
116.535835,39.939476
116.535851,39.939445
116.535858,39.939411
116.535873,39.939365
116.535881,39.939339
116.535889,39.939320
116.535896,39.939293
116.535912,39.939243
116.535919,39.939220
116.535927,39.939194
116.535934,39.939167
116.535957,39.939087
116.535957,39.939087
116.535965,39.939060
116.535973,39.939037
116.535988,39.938984
116.535988,39.938961
116.535995,39.938938
116.536003,39.938915
116.536011,39.938892
116.536018,39.938839
116.536026,39.938812
116.536034,39.938786
116.536041,39.938763
116.536041,39.938740
116.536049,39.938702
116.536057,39.938683
116.536057,39.938667
116.536064,39.938648
116.536072,39.938614
116.536079,39.938583
116.536087,39.938557
116.536102,39.938499
116.536110,39.938469
116.536110,39.938438
116.536125,39.938374
116.536133,39.938339
116.536140,39.938305
116.536148,39.938240
116.536156,39.938202
116.536171,39.938126
116.536179,39.938095
116.536186,39.938065
116.536194,39.938007
116.536194,39.937984
116.536201,39.937958
116.536217,39.937904
116.536217,39.937885
116.536217,39.937862
116.536224,39.937817
116.536232,39.937778
116.536240,39.937748
116.536240,39.937714
116.536247,39.937695
116.536247,39.937679
116.536247,39.937664
116.536247,39.937641
116.536255,39.937626
116.536278,39.937538
116.536278,39.937538
116.536285,39.937477
116.536293,39.937443
116.536293,39.937408
116.536301,39.937336
116.536308,39.937298
116.536316,39.937263
116.536324,39.937187
116.536324,39.937157
116.536331,39.937126
116.536331,39.937073
116.536331,39.937031
116.536331,39.937031
116.536331,39.937016
116.536331,39.937000
116.536339,39.936981
116.536346,39.936935
116.536354,39.936913
116.536354,39.936890
116.536362,39.936840
116.536362,39.936817
116.536362,39.936794
116.536369,39.936745
116.536369,39.936710
116.536369,39.936676
116.536377,39.936607
116.536377,39.936569
116.536385,39.936531
116.536392,39.936455
116.536392,39.936417
116.536400,39.936306
116.536400,39.936306
116.536407,39.936272
116.536407,39.936241
116.536407,39.936180
116.536407,39.936180
116.536400,39.936165
116.536423,39.936081
116.536423,39.936081
116.536438,39.936043
116.536446,39.935974
116.536446,39.935940
116.536446,39.935902
116.536453,39.935783
116.536453,39.935783
116.536453,39.935741
116.536453,39.935696
116.536469,39.935616
116.536469,39.935574
116.536469,39.935532
116.536476,39.935455
116.536476,39.935413
116.536476,39.935375
116.536484,39.935291
116.536484,39.935249
116.536484,39.935211
116.536484,39.935139
116.536484,39.935101
116.536491,39.934990
116.536491,39.934990
116.536491,39.934959
116.536491,39.934902
116.536491,39.934879
116.536491,39.934822
116.536499,39.934795
116.536499,39.934769
116.536499,39.934711
116.536507,39.934689
116.536507,39.934639
116.536507,39.934612
116.536507,39.934589
116.536507,39.934566
116.536514,39.934536
116.536514,39.934525
116.536514,39.934517
116.536507,39.934502
116.536514,39.934494
116.536514,39.934494
116.536507,39.934494
116.536514,39.934483
116.536514,39.934460
116.536537,39.934395
116.536537,39.934353
116.536530,39.934277
116.536537,39.934231
116.536545,39.934185
116.536560,39.934101
116.536568,39.934063
116.536568,39.933960
116.536568,39.933960
116.536568,39.933922
116.536575,39.933853
116.536575,39.933823
116.536575,39.933731
116.536575,39.933731
116.536575,39.933704
116.536583,39.933647
116.536583,39.933620
116.536583,39.933563
116.536591,39.933529
116.536591,39.933495
116.536598,39.933426
116.536598,39.933392
116.536598,39.933323
116.536598,39.933285
116.536606,39.933201
116.536606,39.933155
116.536606,39.933098
116.536613,39.932991
116.536621,39.932819
116.536621,39.932819
116.536629,39.932762
116.536636,39.932652
116.536636,39.932594
116.536644,39.932545
116.536644,39.932465
116.536644,39.932426
116.536644,39.932392
116.536644,39.932320
116.536652,39.932281
116.536659,39.932201
116.536659,39.932163
116.536667,39.932091
116.536667,39.932053
116.536667,39.932014
116.536674,39.931942
116.536674,39.931911
116.536674,39.931877
116.536682,39.931808
116.536682,39.931770
116.536690,39.931652
116.536690,39.931652
116.536690,39.931557
116.536697,39.931496
116.536705,39.931431
116.536705,39.931301
116.536713,39.931225
116.536720,39.931080
116.536728,39.931007
116.536743,39.930859
116.536751,39.930786
116.536766,39.930656
116.536766,39.930603
116.536758,39.930515
116.536758,39.930473
116.536758,39.930435
116.536766,39.930359
116.536766,39.930325
116.536766,39.930294
116.536766,39.930241
116.536774,39.930218
116.536781,39.930111
116.536781,39.930111
116.536789,39.930065
116.536789,39.929958
116.536789,39.929840
116.536789,39.929775
116.536797,39.929707
116.536812,39.929562
116.536842,39.929356
116.536842,39.929356
116.536842,39.929295
116.536842,39.929188
116.536842,39.929043
116.536842,39.929043
116.536850,39.928993
116.536865,39.928883
116.536880,39.928703
116.536880,39.928703
116.536880,39.928642
116.536880,39.928516
116.536888,39.928448
116.536888,39.928307
116.536896,39.928230
116.536903,39.928074
116.536911,39.927990
116.536919,39.927830
116.536934,39.927753
116.536949,39.927608
116.536949,39.927551
116.536942,39.927399
116.536942,39.927399
116.536942,39.927345
116.536957,39.927227
116.536964,39.927166
116.536980,39.927025
116.536987,39.926949
116.536995,39.926735
116.536995,39.926735
116.537003,39.926662
116.537018,39.926525
116.537025,39.926468
116.537025,39.926308
116.537025,39.926308
116.537025,39.926254
116.537033,39.926147
116.537041,39.926094
116.537048,39.926044
116.537048,39.925957
116.537048,39.925911
116.537048,39.925770
116.537048,39.925770
116.537056,39.925716
116.537064,39.925606
116.537064,39.925495
116.537071,39.925434
116.537079,39.925262
116.537079,39.925262
116.537094,39.925213
116.537086,39.925095
116.537086,39.925095
116.537086,39.925049
116.537094,39.924999
116.537102,39.924911
116.537102,39.924862
116.537102,39.924809
116.537109,39.924709
116.537109,39.924660
116.537117,39.924610
116.537117,39.924503
116.537117,39.924446
116.537125,39.924385
116.537132,39.924263
116.537132,39.924198
116.537140,39.924065
116.537148,39.923996
116.537155,39.923782
116.537155,39.923782
116.537155,39.923710
116.537170,39.923496
116.537170,39.923496
116.537178,39.923420
116.537178,39.923267
116.537186,39.923191
116.537193,39.922958
116.537193,39.922958
116.537201,39.922874
116.537209,39.922714
116.537216,39.922638
116.537224,39.922474
116.537231,39.922386
116.537239,39.922218
116.537247,39.922131
116.537254,39.921921
116.537254,39.921921
116.537270,39.921772
116.537270,39.921700
116.537277,39.921627
116.537285,39.921482
116.537285,39.921406
116.537300,39.921246
116.537308,39.921158
116.537315,39.920990
116.537315,39.920902
116.537323,39.920811
116.537338,39.920631
116.537338,39.920544
116.537354,39.920372
116.537361,39.920288
116.537361,39.920208
116.537369,39.920048
116.537376,39.919968
116.537384,39.919785
116.537399,39.919689
116.537415,39.919487
116.537415,39.919384
116.537422,39.919281
116.537430,39.919067
116.537437,39.918957
116.537460,39.918617
116.537460,39.918617
116.537468,39.918499
116.537476,39.918259
116.537483,39.918133
116.537498,39.917885
116.537506,39.917759
116.537514,39.917637
116.537529,39.917267
116.537529,39.917267
116.537537,39.917141
116.537552,39.916893
116.537560,39.916767
116.537567,39.916641
116.537582,39.916382
116.537590,39.916252
116.537598,39.916119
116.537613,39.915852
116.537621,39.915718
116.537628,39.915585
116.537636,39.915451
116.537651,39.915195
116.537659,39.915073
116.537666,39.914951
116.537674,39.914722
116.537682,39.914608
116.537697,39.914379
116.537704,39.914265
116.537712,39.914154
116.537727,39.913940
116.537735,39.913837
116.537743,39.913738
116.537743,39.913540
116.537743,39.913433
116.537758,39.913078
116.537758,39.913078
116.537758,39.912964
116.537781,39.912601
116.537781,39.912601
116.537788,39.912472
116.537804,39.912205
116.537819,39.912064
116.537842,39.911774
116.537857,39.911621
116.537888,39.911308
116.537903,39.911148
116.537949,39.910820
116.537971,39.910652
116.538025,39.910313
116.538094,39.909798
116.538094,39.909798
116.538116,39.909622
116.538162,39.909267
116.538239,39.908730
116.538239,39.908730
116.538269,39.908550
116.538322,39.908192
116.538345,39.908020
116.538376,39.907852
116.538437,39.907551
116.538467,39.907410
116.538521,39.907158
116.538536,39.907040
116.538574,39.906849
116.538597,39.906754
116.538612,39.906654
116.538658,39.906445
116.538681,39.906342
116.538750,39.906044
116.538750,39.906044
116.538765,39.905949
116.538795,39.905769
116.538811,39.905682
116.538826,39.905590
116.538857,39.905411
116.538879,39.905315
116.538933,39.905018
116.538933,39.905018
116.538979,39.904804
116.538994,39.904697
116.539017,39.904583
116.539062,39.904354
116.539093,39.904232
116.539169,39.903847
116.539169,39.903847
116.539192,39.903713
116.539223,39.903576
116.539276,39.903294
116.539307,39.903149
116.539368,39.902859
116.539391,39.902718
116.539452,39.902428
116.539459,39.902298
116.539513,39.901855
116.539513,39.901855
116.539566,39.901546
116.539589,39.901394
116.539619,39.901237
116.539680,39.900928
116.539780,39.900463
116.539780,39.900463
116.539810,39.900311
116.539879,39.899998
116.539909,39.899845
116.540001,39.899387
116.540001,39.899387
116.540092,39.898945
116.540092,39.898945
116.540123,39.898804
116.540176,39.898525
116.540207,39.898388
116.540298,39.897964
116.540298,39.897964
116.540398,39.897526
116.540398,39.897526
116.540428,39.897381
116.540489,39.897087
116.540520,39.896942
116.540581,39.896637
116.540611,39.896484
116.540672,39.896172
116.540703,39.896011
116.540810,39.895531
116.540810,39.895531
116.540878,39.895203
116.540916,39.895035
116.540947,39.894871
116.541023,39.894543
116.541054,39.894379
116.541092,39.894215
116.541161,39.893879
116.541199,39.893707
116.541237,39.893539
116.541306,39.893173
116.541336,39.892998
116.541374,39.892830
116.541405,39.892662
116.541466,39.892319
116.541496,39.892136
116.541557,39.891769
116.541573,39.891605
116.541641,39.891148
116.541641,39.891148
116.541656,39.890991
116.541702,39.890667
116.541725,39.890507
116.541771,39.890182
116.541786,39.890026
116.541824,39.889706
116.541847,39.889549
116.541885,39.889229
116.541908,39.889069
116.541954,39.888729
116.541977,39.888554
116.542015,39.888191
116.542038,39.888004
116.542053,39.887810
116.542099,39.887402
116.542122,39.887192
116.542213,39.886555
116.542213,39.886555
116.542244,39.886345
116.542305,39.885925
116.542328,39.885723
116.542366,39.885326
116.542389,39.885124
116.542435,39.884724
116.542458,39.884521
116.542496,39.884129
116.542511,39.883934
116.542542,39.883572
116.542564,39.883411
116.542580,39.883259
116.542587,39.883034
116.542595,39.882908
116.542610,39.882774
116.542664,39.882492
116.542686,39.882347
116.542709,39.882095
116.542717,39.881981
116.542717,39.881863
116.542725,39.881748
116.542732,39.881504
116.542740,39.881374
116.542755,39.881126
116.542763,39.881012
116.542770,39.880783
116.542770,39.880669
116.542770,39.880554
116.542778,39.880314
116.542778,39.880192
116.542786,39.879944
116.542786,39.879826
116.542793,39.879612
116.542793,39.879509
116.542786,39.879410
116.542793,39.879200
116.542801,39.879086
116.542809,39.878750
116.542809,39.878750
116.542809,39.878525
116.542809,39.878403
116.542809,39.878281
116.542816,39.878029
116.542824,39.877644
116.542824,39.877644
116.542824,39.877514
116.542824,39.877258
116.542831,39.877136
116.542831,39.877010
116.542831,39.876762
116.542839,39.876637
116.542839,39.876373
116.542839,39.876236
116.542847,39.875973
116.542847,39.875839
116.542854,39.875446
116.542854,39.875446
116.542862,39.875099
116.542862,39.875099
116.542862,39.874989
116.542862,39.874760
116.542870,39.874634
116.542870,39.874523
116.542892,39.874260
116.542908,39.874115
116.542915,39.873814
116.542915,39.873657
116.542915,39.873505
116.542908,39.873180
116.542908,39.873013
116.542900,39.872684
116.542892,39.872524
116.542885,39.872211
116.542877,39.872063
116.542854,39.871761
116.542839,39.871605
116.542801,39.871136
116.542801,39.871136
116.542786,39.870987
116.542755,39.870686
116.542717,39.870220
116.542717,39.870220
116.542671,39.869747
116.542671,39.869747
116.542648,39.869579
116.542610,39.869240
116.542549,39.868732
116.542549,39.868732
116.542526,39.868561
116.542488,39.868217
116.542465,39.868046
116.542419,39.867687
116.542404,39.867496
116.542381,39.867310
116.542336,39.866936
116.542313,39.866749
116.542274,39.866375
116.542252,39.866188
116.542206,39.865829
116.542191,39.865650
116.542175,39.865475
116.542145,39.865143
116.542130,39.864983
116.542122,39.864826
116.542091,39.864521
116.542084,39.864361
116.542068,39.864052
116.542053,39.863911
116.542046,39.863777
116.542046,39.863651
116.542053,39.863335
116.542053,39.863335
116.542046,39.863251
116.542046,39.863159
116.542053,39.863068
116.542061,39.862923
116.542061,39.862862
116.542061,39.862812
116.542084,39.862663
116.542084,39.862663
116.542091,39.862617
116.542107,39.862522
116.542114,39.862469
116.542114,39.862358
116.542122,39.862297
116.542122,39.862225
116.542130,39.862068
116.542137,39.861988
116.542145,39.861897
116.542168,39.861694
116.542175,39.861584
116.542191,39.861469
116.542221,39.861237
116.542244,39.861118
116.542267,39.861000
116.542305,39.860767
116.542328,39.860653
116.542343,39.860538
116.542381,39.860306
116.542404,39.860191
116.542427,39.860065
116.542473,39.859810
116.542503,39.859680
116.542526,39.859547
116.542580,39.859283
116.542603,39.859154
116.542625,39.859020
116.542671,39.858757
116.542702,39.858627
116.542725,39.858494
116.542778,39.858231
116.542801,39.858097
116.542824,39.857964
116.542877,39.857685
116.542900,39.857544
116.542923,39.857407
116.542946,39.857269
116.542969,39.857140
116.543045,39.856739
116.543045,39.856739
116.543076,39.856606
116.543098,39.856476
116.543121,39.856346
116.543175,39.856079
116.543198,39.855942
116.543228,39.855804
116.543251,39.855671
116.543304,39.855389
116.543327,39.855247
116.543373,39.854961
116.543404,39.854816
116.543427,39.854671
116.543472,39.854378
116.543488,39.854225
116.543510,39.854073
116.543526,39.853920
116.543556,39.853619
116.543564,39.853470
116.543571,39.853325
116.543579,39.853043
116.543579,39.852905
116.543571,39.852623
116.543564,39.852482
116.543556,39.852341
116.543533,39.852062
116.543510,39.851925
116.543495,39.851788
116.543449,39.851517
116.543419,39.851387
116.543365,39.851128
116.543327,39.851002
116.543243,39.850742
116.543198,39.850609
116.543083,39.850357
116.543030,39.850231
116.542969,39.850105
116.542847,39.849854
116.542778,39.849728
116.542549,39.849339
116.542549,39.849339
116.542465,39.849205
116.542366,39.849068
116.542160,39.848789
116.542046,39.848648
116.541924,39.848507
116.541801,39.848362
116.541527,39.848076
116.541382,39.847942
116.541222,39.847801
116.541054,39.847660
116.540718,39.847393
116.540398,39.847153
116.540398,39.847153
116.540253,39.847046
116.540123,39.846947
116.540016,39.846851
116.539932,39.846764
116.539871,39.846672
116.539742,39.846394
116.539719,39.846294
116.539719,39.846294
116.539711,39.846191
116.539696,39.846085
116.539696,39.845978
116.539680,39.845867
116.539673,39.845528
116.539673,39.845528
116.539688,39.845409
116.539703,39.845291
116.539856,39.844887
116.539917,39.844749
116.539917,39.844749
116.540001,39.844608
116.540092,39.844456
116.540413,39.844021
116.540550,39.843868
116.540550,39.843868
116.540695,39.843719
116.540825,39.843616
116.540947,39.843533
116.541214,39.843399
116.541405,39.843288
116.541611,39.843182
116.541969,39.843063
116.542152,39.842991
116.542320,39.842926
116.542892,39.842674
116.542892,39.842674
116.543106,39.842567
116.543335,39.842457
116.543808,39.842220
116.544060,39.842094
116.544312,39.841961
116.544571,39.841824
116.544830,39.841686
116.545349,39.841400
116.545616,39.841255
116.545876,39.841110
116.546394,39.840832
116.546646,39.840694
116.546898,39.840557
116.547371,39.840290
116.547600,39.840164
116.547836,39.840034
116.548294,39.839783
116.548531,39.839661
116.548988,39.839417
116.549217,39.839298
116.549446,39.839184
116.549675,39.839066
116.549911,39.838951
116.550369,39.838722
116.550606,39.838612
116.550842,39.838497
116.551582,39.838165
116.551582,39.838165
116.551826,39.838051
116.552086,39.837936
116.552605,39.837708
116.552864,39.837601
116.553123,39.837494
116.553383,39.837383
116.553650,39.837276
116.554184,39.837067
116.554451,39.836967
116.554726,39.836861
116.555267,39.836655
116.555534,39.836552
116.555809,39.836445
116.556084,39.836342
116.556641,39.836128
116.556923,39.836021
116.557205,39.835915
116.557487,39.835808
116.558075,39.835594
116.558372,39.835487
116.558670,39.835381
116.558968,39.835270
116.559570,39.835049
116.559875,39.834934
116.560173,39.834820
116.561081,39.834476
116.561081,39.834476
116.561386,39.834362
116.561691,39.834248
116.562302,39.834019
116.562607,39.833904
116.562912,39.833790
116.563210,39.833675
116.563805,39.833450
116.564102,39.833340
116.564392,39.833229
116.564690,39.833118
116.564987,39.833008
116.565277,39.832897
116.565849,39.832687
116.566132,39.832581
116.566414,39.832474
116.566696,39.832367
116.566971,39.832264
116.567780,39.831955
116.567780,39.831955
116.568047,39.831852
116.568314,39.831749
116.568573,39.831646
116.569328,39.831333
116.569328,39.831333
116.569580,39.831226
116.569824,39.831123
116.570328,39.830906
116.570587,39.830791
116.570847,39.830677
116.571106,39.830559
116.571922,39.830185
116.571922,39.830185
116.572189,39.830055
116.572464,39.829922
116.572998,39.829655
116.573265,39.829517
116.573532,39.829372
116.574059,39.829079
116.574310,39.828930
116.574562,39.828793
116.575066,39.828506
116.575310,39.828362
116.575562,39.828217
116.575798,39.828075
116.576042,39.827927
116.576523,39.827633
116.576759,39.827484
116.577217,39.827194
116.577446,39.827045
116.577675,39.826897
116.577904,39.826744
116.578125,39.826595
116.578346,39.826439
116.578575,39.826286
116.579018,39.825974
116.579239,39.825813
116.579460,39.825653
116.579681,39.825497
116.579903,39.825336
116.580124,39.825172
116.580559,39.824852
116.580780,39.824688
116.581001,39.824524
116.581230,39.824360
116.581451,39.824200
116.581673,39.824036
116.581894,39.823868
116.582344,39.823540
116.582565,39.823376
116.582787,39.823212
116.583015,39.823044
116.583237,39.822880
116.583687,39.822548
116.583908,39.822384
116.584129,39.822216
116.584358,39.822048
116.584579,39.821884
116.584801,39.821720
116.585464,39.821236
116.585243,39.821396
116.585678,39.821075
116.585884,39.820919
116.586098,39.820766
116.586304,39.820614
116.586899,39.820171
116.586899,39.820171
116.587097,39.820026
116.587296,39.819885
116.587486,39.819744
116.588066,39.819313
116.588066,39.819313
116.588272,39.819164
116.588470,39.819012
116.588669,39.818863
116.588867,39.818718
116.589066,39.818569
116.589256,39.818424
116.589439,39.818275
116.589996,39.817837
116.589813,39.817982
116.589996,39.817837
116.590172,39.817692
116.590340,39.817543
116.590668,39.817257
116.590813,39.817120
116.590958,39.816994
116.591087,39.816875
116.591217,39.816750
116.591347,39.816639
116.591469,39.816528
116.591583,39.816429
116.591690,39.816338
116.591789,39.816261
116.591881,39.816181
116.591957,39.816124
116.592026,39.816078
116.592224,39.815929
116.592224,39.815929
116.592285,39.815887
116.592339,39.815853
116.592384,39.815823
116.592415,39.815804
116.592430,39.815792
116.592438,39.815784
116.592445,39.815781
116.592453,39.815777
116.592445,39.815784
116.592430,39.815796
116.592422,39.815807
116.592415,39.815815
116.592407,39.815826
116.592392,39.815845
116.592384,39.815861
116.592384,39.815861
116.592438,39.815830
116.592720,39.815636
116.592804,39.815590
116.592972,39.815483
116.593124,39.815380
116.593262,39.815300
116.593498,39.815170
116.593605,39.815109
116.593719,39.815041
116.593857,39.814960
116.594162,39.814785
116.594322,39.814690
116.594490,39.814579
116.594841,39.814346
116.595016,39.814220
116.595200,39.814098
116.595383,39.813969
116.595573,39.813839
116.596161,39.813416
116.596161,39.813416
116.596367,39.813267
116.596573,39.813114
116.596779,39.812958
116.597214,39.812645
116.597435,39.812481
116.597656,39.812321
116.597885,39.812157
116.598122,39.811993
116.598595,39.811657
116.598831,39.811489
116.599083,39.811317
116.599327,39.811146
116.599838,39.810802
116.600090,39.810627
116.600349,39.810448
116.600616,39.810272
116.601151,39.809921
116.601418,39.809746
116.601692,39.809566
116.602516,39.809029
116.602516,39.809029
116.602798,39.808846
116.603081,39.808659
116.603661,39.808289
116.603951,39.808102
116.604248,39.807915
116.604546,39.807728
116.605453,39.807159
116.605453,39.807159
116.605759,39.806965
116.606064,39.806770
116.606377,39.806572
116.607010,39.806171
116.607330,39.805969
116.607658,39.805763
116.607979,39.805565
116.608307,39.805359
116.608971,39.804951
116.609299,39.804745
116.609634,39.804535
116.609962,39.804325
116.610291,39.804115
116.610947,39.803696
116.611267,39.803486
116.611580,39.803284
116.611885,39.803089
116.612190,39.802898
116.612488,39.802708
116.613373,39.802147
116.613373,39.802147
116.613655,39.801964
116.613937,39.801785
116.614212,39.801609
116.614494,39.801434
116.614777,39.801258
116.615051,39.801083
116.615326,39.800911
116.616158,39.800385
116.616158,39.800385
116.616432,39.800209
116.616699,39.800034
116.616974,39.799862
116.617241,39.799690
116.617516,39.799519
116.617783,39.799347
116.618050,39.799175
116.618324,39.799004
116.618874,39.798656
116.619148,39.798481
116.619423,39.798306
116.619698,39.798130
116.619972,39.797951
116.620255,39.797771
116.620811,39.797405
116.621094,39.797222
116.621368,39.797035
116.621643,39.796848
116.621925,39.796658
116.622200,39.796463
116.622742,39.796074
116.623283,39.795673
116.623283,39.795673
116.623550,39.795475
116.623810,39.795269
116.624077,39.795063
116.624336,39.794857
116.624596,39.794647
116.624855,39.794437
116.625114,39.794228
116.625610,39.793800
116.625862,39.793583
116.626106,39.793365
116.626350,39.793144
116.626595,39.792923
116.626831,39.792706
116.627068,39.792484
116.627762,39.791801
116.627762,39.791801
116.627991,39.791573
116.628212,39.791340
116.628433,39.791107
116.628654,39.790871
116.628868,39.790634
116.629082,39.790398
116.629501,39.789917
116.629715,39.789673
116.629921,39.789429
116.630119,39.789185
116.630318,39.788940
116.630516,39.788700
116.630905,39.788204
116.631104,39.787956
116.631287,39.787712
116.631477,39.787468
116.631668,39.787224
116.632034,39.786736
116.632217,39.786499
116.632393,39.786263
116.632568,39.786030
116.632751,39.785797
116.632927,39.785564
116.633278,39.785099
116.633453,39.784870
116.633629,39.784641
116.633804,39.784412
116.633980,39.784180
116.634155,39.783947
116.634338,39.783718
116.634689,39.783253
116.634865,39.783020
116.635048,39.782784
116.635223,39.782547
116.635406,39.782307
116.635590,39.782066
116.635963,39.781586
116.636147,39.781342
116.636330,39.781101
116.636520,39.780857
116.636703,39.780613
116.637077,39.780125
116.637268,39.779881
116.637459,39.779640
116.637650,39.779400
116.637848,39.779156
116.638252,39.778667
116.638458,39.778427
116.638664,39.778187
116.638870,39.777943
116.639076,39.777702
116.639290,39.777462
116.639725,39.776985
116.639938,39.776752
116.640152,39.776516
116.640373,39.776279
116.640594,39.776047
116.640816,39.775814
116.641037,39.775581
116.641258,39.775352
116.641479,39.775124
116.641930,39.774673
116.642159,39.774448
116.642387,39.774227
116.642616,39.774006
116.642845,39.773792
116.643517,39.773167
116.643517,39.773167
116.643738,39.772964
116.644394,39.772377
116.644394,39.772377
116.644608,39.772182
116.645050,39.771801
116.645279,39.771610
116.645500,39.771423
116.645721,39.771236
116.646400,39.770676
116.646400,39.770676
116.646629,39.770496
116.646851,39.770317
116.647072,39.770138
116.647530,39.769779
116.647758,39.769600
116.647987,39.769417
116.648445,39.769047
116.648674,39.768860
116.648888,39.768700
116.649109,39.768547
116.649574,39.768208
116.649803,39.768040
116.650040,39.767876
116.650520,39.767544
116.650764,39.767376
116.651016,39.767204
116.651268,39.767040
116.651520,39.766869
116.651779,39.766701
116.652298,39.766369
116.652565,39.766201
116.652840,39.766037
116.653114,39.765869
116.653397,39.765705
116.653954,39.765373
116.654236,39.765205
116.654526,39.765026
116.654816,39.764851
116.655396,39.764492
116.655685,39.764313
116.655975,39.764130
116.656273,39.763950
116.656563,39.763767
116.656860,39.763584
116.657448,39.763218
116.657738,39.763035
116.658035,39.762852
116.658325,39.762669
116.658623,39.762486
116.659477,39.761974
116.659477,39.761974
116.659760,39.761806
116.660034,39.761639
116.660591,39.761307
116.660866,39.761147
116.661133,39.760983
116.661400,39.760822
116.661659,39.760662
116.661926,39.760498
116.662437,39.760181
116.662682,39.760025
116.662933,39.759872
116.663177,39.759720
116.663422,39.759567
116.664146,39.759121
116.664146,39.759121
116.664383,39.758972
116.664619,39.758823
116.665344,39.758373
116.665344,39.758373
116.665588,39.758217
116.665840,39.758057
116.666084,39.757896
116.666336,39.757732
116.666840,39.757401
116.667099,39.757233
116.667351,39.757065
116.667610,39.756893
116.668396,39.756367
116.668396,39.756367
116.668663,39.756184
116.668930,39.755997
116.669197,39.755806
116.669464,39.755611
116.670013,39.755226
116.670280,39.755035
116.670547,39.754841
116.670815,39.754642
116.671089,39.754444
116.671906,39.753834
116.671906,39.753834
116.672173,39.753628
116.672440,39.753426
116.672714,39.753220
116.673248,39.752811
116.673515,39.752605
116.673782,39.752399
116.674324,39.751991
116.674591,39.751785
116.674858,39.751583
116.675385,39.751179
116.675652,39.750977
116.675911,39.750778
116.676178,39.750580
116.676697,39.750183
116.676964,39.749985
116.677223,39.749786
116.677483,39.749588
116.678009,39.749191
116.678268,39.748993
116.678528,39.748791
116.678780,39.748592
116.679298,39.748184
116.679558,39.747982
116.679817,39.747780
116.680077,39.747578
116.680603,39.747169
116.680870,39.746967
116.681129,39.746765
116.681396,39.746563
116.682198,39.745956
116.682198,39.745956
116.682457,39.745754
116.682716,39.745552
116.682983,39.745346
116.683502,39.744938
116.683754,39.744736
116.684013,39.744541
116.684532,39.744144
116.684799,39.743946
116.685066,39.743748
116.685333,39.743553
116.685600,39.743359
116.686127,39.742973
116.686386,39.742783
116.686653,39.742584
116.686920,39.742382
116.687447,39.741982
116.687714,39.741787
116.687981,39.741589
116.688255,39.741386
116.689056,39.740791
116.689331,39.740593
116.689331,39.740593
116.689590,39.740391
116.689857,39.740189
116.690125,39.739986
116.690384,39.739784
116.690651,39.739586
116.690910,39.739388
116.691170,39.739185
116.691696,39.738785
116.691956,39.738583
116.692215,39.738384
116.692482,39.738186
116.692741,39.737984
116.693001,39.737785
116.693787,39.737190
116.693520,39.737389
116.694046,39.736992
116.694305,39.736794
116.694565,39.736595
116.694832,39.736393
116.695091,39.736191
116.695358,39.735989
116.696152,39.735382
116.696152,39.735382
116.696411,39.735180
116.696678,39.734978
116.696945,39.734776
116.697212,39.734573
116.697479,39.734371
116.698013,39.733967
116.698280,39.733765
116.698547,39.733562
116.698807,39.733360
116.699074,39.733158
116.699875,39.732552
116.699875,39.732552
116.700142,39.732349
116.700409,39.732151
116.700668,39.731949
116.701195,39.731548
116.701454,39.731350
116.701706,39.731152
116.701958,39.730957
116.702209,39.730759
116.702469,39.730553
116.702972,39.730164
116.703484,39.729771
116.703484,39.729771
116.703743,39.729580
116.703995,39.729385
116.704254,39.729195
116.704765,39.728806
116.705276,39.728424
116.705276,39.728424
116.705536,39.728233
116.705795,39.728043
116.706055,39.727856
116.706314,39.727665
116.706573,39.727474
116.707092,39.727081
116.707344,39.726887
116.707603,39.726692
116.707863,39.726498
116.708115,39.726303
116.708374,39.726109
116.708878,39.725723
116.709129,39.725533
116.709381,39.725342
116.709633,39.725151
116.709885,39.724960
116.710136,39.724766
116.710640,39.724380
116.710884,39.724186
116.711128,39.723988
116.711380,39.723793
116.711624,39.723595
116.711868,39.723396
116.712608,39.722790
116.712357,39.722996
116.712852,39.722588
116.713104,39.722378
116.713348,39.722168
116.713593,39.721958
116.713837,39.721748
116.714325,39.721321
116.714569,39.721107
116.714813,39.720894
116.715057,39.720676
116.715294,39.720459
116.715538,39.720238
116.716019,39.719795
116.716255,39.719574
116.716492,39.719349
116.716728,39.719124
116.716965,39.718903
116.717201,39.718678
116.717430,39.718452
116.717667,39.718227
116.717896,39.717999
116.718124,39.717773
116.718582,39.717323
116.718811,39.717098
116.719040,39.716873
116.719269,39.716652
116.719711,39.716206
116.719925,39.715981
116.720146,39.715755
116.720367,39.715530
116.721031,39.714867
116.721031,39.714867
116.721252,39.714642
116.721481,39.714424
116.721710,39.714211
116.722412,39.713566
116.722412,39.713566
116.722633,39.713360
116.722862,39.713139
116.723099,39.712910
116.723328,39.712685
116.723557,39.712460
116.723778,39.712234
116.724472,39.711559
116.724472,39.711559
116.724701,39.711327
116.724937,39.711098
116.725166,39.710869
116.725403,39.710640
116.725632,39.710411
116.725868,39.710182
116.726097,39.709953
116.726326,39.709728
116.726791,39.709274
116.727020,39.709049
116.727249,39.708824
116.727478,39.708599
116.727707,39.708370
116.727936,39.708145
116.728165,39.707920
116.728622,39.707470
116.728851,39.707245
116.729080,39.707020
116.729309,39.706795
116.729538,39.706566
116.729767,39.706341
116.729996,39.706112
116.730225,39.705887
116.730690,39.705437
116.730919,39.705212
116.731148,39.704983
116.731384,39.704758
116.731613,39.704533
116.731834,39.704308
116.732063,39.704082
116.732292,39.703857
116.732521,39.703632
116.732979,39.703190
116.733200,39.702965
116.733429,39.702744
116.733658,39.702518
116.733879,39.702293
116.734108,39.702072
116.734337,39.701847
116.734795,39.701401
116.735023,39.701176
116.735252,39.700954
116.735481,39.700729
116.735710,39.700500
116.735939,39.700275
116.736168,39.700050
116.736397,39.699825
116.736633,39.699596
116.737091,39.699142
116.737320,39.698917
116.737556,39.698689
116.737785,39.698463
116.738014,39.698235
116.738243,39.698009
116.738480,39.697784
116.738937,39.697334
116.739403,39.696880
116.739403,39.696880
116.739632,39.696655
116.739861,39.696430
116.740089,39.696201
116.740318,39.695976
116.740547,39.695751
116.740776,39.695526
116.741005,39.695301
116.741455,39.694855
116.741913,39.694405
116.741913,39.694405
116.742142,39.694180
116.742371,39.693958
116.742599,39.693733
116.742828,39.693508
116.743057,39.693287
116.743507,39.692841
116.743736,39.692616
116.743965,39.692394
116.744186,39.692173
116.744637,39.691727
116.744865,39.691509
116.745087,39.691288
116.745316,39.691063
116.745544,39.690842
116.745995,39.690395
116.746223,39.690170
116.746452,39.689945
116.746681,39.689720
116.746910,39.689499
116.747139,39.689274
116.747597,39.688824
116.747826,39.688599
116.748055,39.688374
116.748283,39.688148
116.748512,39.687927
116.748734,39.687698
116.748962,39.687469
116.749184,39.687237
116.749634,39.686783
116.749863,39.686558
116.750084,39.686329
116.750313,39.686104
116.750549,39.685879
116.750778,39.685654
116.751236,39.685204
116.751236,39.685204
116.751694,39.684753
116.751923,39.684528
116.752151,39.684303
116.752380,39.684078
116.752609,39.683853
116.752838,39.683628
116.753067,39.683403
116.753517,39.682957
116.753746,39.682732
116.753975,39.682510
116.754196,39.682285
116.754425,39.682064
116.754654,39.681843
116.754883,39.681618
116.755562,39.680950
116.755562,39.680950
116.755791,39.680725
116.756020,39.680500
116.756248,39.680275
116.756935,39.679596
116.756706,39.679825
116.757164,39.679371
116.757401,39.679146
116.757629,39.678917
116.757858,39.678692
116.758087,39.678467
116.758324,39.678238
116.759018,39.677563
116.758781,39.677788
116.759247,39.677338
116.759476,39.677113
116.759705,39.676888
116.759933,39.676662
116.760162,39.676437
116.760391,39.676216
116.761070,39.675545
116.761070,39.675545
116.761299,39.675323
116.761520,39.675098
116.761749,39.674873
116.761978,39.674652
116.762428,39.674206
116.762657,39.673981
116.762886,39.673759
116.763123,39.673538
116.763359,39.673313
116.763596,39.673092
116.764305,39.672428
116.764305,39.672428
116.764549,39.672211
116.764786,39.671993
116.765030,39.671772
116.765266,39.671555
116.765518,39.671341
116.766006,39.670910
116.766502,39.670483
116.766502,39.670483
116.766754,39.670269
116.767006,39.670059
116.767258,39.669846
116.767509,39.669636
116.768021,39.669220
116.768272,39.669014
116.768532,39.668808
116.768791,39.668602
116.769051,39.668396
116.769310,39.668190
116.770088,39.667580
116.770348,39.667381
116.770348,39.667381
116.770607,39.667183
116.770874,39.666985
116.771141,39.666790
116.771935,39.666206
116.771667,39.666401
116.772209,39.666012
116.772476,39.665817
116.772743,39.665627
116.773018,39.665436
116.773293,39.665245
116.773567,39.665054
116.774109,39.664677
116.774384,39.664486
116.774658,39.664295
116.774925,39.664101
116.775200,39.663906
116.775467,39.663712
116.776009,39.663322
116.776283,39.663128
116.776550,39.662933
116.776825,39.662739
116.777100,39.662544
116.777367,39.662350
116.777641,39.662155
116.777916,39.661961
116.778458,39.661572
116.778732,39.661377
116.779007,39.661182
116.779282,39.660988
116.779549,39.660793
116.780098,39.660400
116.780373,39.660206
116.780647,39.660011
116.780922,39.659817
116.781189,39.659622
116.781738,39.659233
116.782013,39.659039
116.782288,39.658844
116.782555,39.658649
116.782829,39.658455
116.783356,39.658070
116.783623,39.657883
116.783882,39.657700
116.784142,39.657513
116.784401,39.657330
116.784653,39.657146
116.785172,39.656776
116.785423,39.656593
116.785683,39.656410
116.785942,39.656223
116.786201,39.656036
116.786720,39.655670
116.786987,39.655479
116.787247,39.655296
116.787506,39.655106
116.787766,39.654919
116.788033,39.654724
116.788834,39.654156
116.788834,39.654156
116.789101,39.653969
116.789368,39.653778
116.789635,39.653587
116.789902,39.653397
116.790703,39.652821
116.790703,39.652821
116.790977,39.652630
116.791245,39.652435
116.791512,39.652245
116.791786,39.652050
116.792595,39.651459
116.792595,39.651459
116.792862,39.651268
116.793129,39.651073
116.793404,39.650879
116.793678,39.650684
116.793945,39.650490
116.794495,39.650101
116.795036,39.649712
116.795036,39.649712
116.795303,39.649517
116.795578,39.649323
116.795845,39.649128
116.796112,39.648933
116.796379,39.648743
116.796646,39.648552
116.796913,39.648357
116.797447,39.647980
116.797714,39.647789
116.797974,39.647602
116.798233,39.647411
116.798500,39.647221
116.798759,39.647030
116.799026,39.646835
116.799812,39.646248
116.799812,39.646248
116.800079,39.646053
116.800346,39.645859
116.800613,39.645668
116.800880,39.645473
116.801140,39.645283
116.801407,39.645088
116.801659,39.644905
116.801918,39.644718
116.802673,39.644176
116.802429,39.644356
116.802673,39.644176
116.803421,39.643642
116.803421,39.643642
116.803658,39.643467
116.803658,39.643467
116.803886,39.643288
116.804123,39.643112
116.804565,39.642754
116.804787,39.642574
116.805000,39.642399
116.805206,39.642227
116.805412,39.642056
116.805817,39.641724
116.805817,39.641724
116.805817,39.641724
116.806206,39.641399
116.806396,39.641247
116.806587,39.641094
116.806763,39.640949
116.806946,39.640808
116.807114,39.640678
116.807274,39.640556
116.807426,39.640446
116.807426,39.640446
116.807716,39.640228
116.807854,39.640129
116.807991,39.640034
116.808113,39.639946
116.808235,39.639866
116.808334,39.639801
116.808502,39.639694
116.808571,39.639648
116.808640,39.639599
116.808701,39.639565
116.808754,39.639530
116.808784,39.639515
116.808792,39.639507
116.808792,39.639507
116.808792,39.639507
116.808792,39.639515
116.808784,39.639526
116.808777,39.639538
116.808777,39.639553
116.808769,39.639561
116.808815,39.639534
116.808861,39.639507
116.808907,39.639477
116.808945,39.639454
116.808990,39.639423
116.808998,39.639423
116.808975,39.639439
116.808952,39.639454
116.808922,39.639469
116.808899,39.639488
116.808876,39.639511
116.808853,39.639523
116.808823,39.639542
116.808792,39.639561
116.808784,39.639561
116.808784,39.639561
116.808784,39.639561
116.808784,39.639561
116.808777,39.639565
116.808777,39.639565
116.808838,39.639530
116.808861,39.639515
116.808868,39.639511
116.808868,39.639511
116.808868,39.639511
116.808868,39.639511
116.808868,39.639511
116.808868,39.639511
116.808861,39.639515
116.808861,39.639515
116.808861,39.639515
116.808853,39.639519
116.808853,39.639519
116.808853,39.639523
116.808846,39.639523
116.808846,39.639530
116.808830,39.639545
116.808807,39.639565
116.808784,39.639584
116.808754,39.639599
116.808731,39.639610
116.808723,39.639622
116.808739,39.639610
116.808792,39.639587
116.808884,39.639542
116.808990,39.639481
116.809319,39.639317
116.809494,39.639225
116.809677,39.639133
116.809868,39.639034
116.810059,39.638935
116.810249,39.638840
116.810448,39.638741
116.810661,39.638638
116.810875,39.638535
116.811325,39.638309
116.811554,39.638187
116.811790,39.638065
116.812027,39.637939
116.812271,39.637806
116.812515,39.637672
116.813271,39.637264
116.813271,39.637264
116.813530,39.637123
116.813805,39.636982
116.814095,39.636829
116.814621,39.636547
116.814888,39.636402
116.815155,39.636253
116.815414,39.636105
116.815956,39.635807
116.816231,39.635654
116.816513,39.635498
116.816795,39.635342
116.817078,39.635189
116.817375,39.635033
116.817963,39.634720
116.818573,39.634411
116.818573,39.634411
116.818886,39.634254
116.819199,39.634098
116.819519,39.633942
116.819839,39.633781
116.820160,39.633625
116.820808,39.633316
116.821129,39.633167
116.821449,39.633015
116.821770,39.632862
116.822090,39.632713
116.822418,39.632565
116.823067,39.632271
116.823387,39.632126
116.823715,39.631985
116.824043,39.631840
116.824364,39.631699
116.824692,39.631561
116.825020,39.631420
116.825668,39.631149
116.825996,39.631012
116.826324,39.630878
116.826653,39.630749
116.826981,39.630615
116.827309,39.630486
116.827637,39.630356
116.828293,39.630104
116.828629,39.629978
116.828957,39.629856
116.829292,39.629734
116.829620,39.629612
116.829956,39.629490
116.830627,39.629253
116.830963,39.629135
116.831299,39.629021
116.831642,39.628906
116.831978,39.628792
116.832657,39.628567
116.833000,39.628456
116.833344,39.628345
116.833687,39.628235
116.834030,39.628124
116.834373,39.628017
116.835060,39.627804
116.835403,39.627697
116.835754,39.627590
116.836098,39.627487
116.836441,39.627384
116.837479,39.627083
116.837479,39.627083
116.837822,39.626987
116.838173,39.626892
116.839211,39.626617
116.839211,39.626617
116.839561,39.626526
116.839905,39.626438
116.840256,39.626350
116.840958,39.626179
116.841309,39.626095
116.841660,39.626007
116.842010,39.625923
116.842712,39.625748
116.843063,39.625656
116.843414,39.625565
116.843765,39.625469
116.844467,39.625278
116.844810,39.625179
116.845161,39.625084
116.845505,39.624981
116.846199,39.624779
116.846542,39.624676
116.846886,39.624573
116.847565,39.624359
116.847908,39.624252
116.848244,39.624142
116.848587,39.624031
116.849258,39.623806
116.849594,39.623692
116.849937,39.623573
116.850273,39.623459
116.850952,39.623222
116.851288,39.623100
116.851624,39.622982
116.851952,39.622860
116.852287,39.622738
116.852623,39.622612
116.853279,39.622360
116.853607,39.622231
116.853935,39.622105
116.854263,39.621975
116.854912,39.621712
116.855240,39.621578
116.855560,39.621441
116.855888,39.621304
116.856209,39.621166
116.856857,39.620884
116.857178,39.620743
116.857498,39.620598
116.858452,39.620159
116.858452,39.620159
116.858772,39.620010
116.859085,39.619858
116.859718,39.619556
116.860031,39.619400
116.860344,39.619247
116.861282,39.618778
116.861588,39.618622
116.861588,39.618622
116.861900,39.618462
116.862213,39.618301
116.862823,39.617981
116.863129,39.617817
116.863426,39.617653
116.863716,39.617485
116.864014,39.617317
116.864304,39.617149
116.864891,39.616825
116.865181,39.616661
116.865479,39.616497
116.866379,39.616005
116.866379,39.616005
116.866684,39.615841
116.866989,39.615677
116.867294,39.615513
116.867905,39.615189
116.868210,39.615025
116.868515,39.614861
116.868820,39.614693
116.869431,39.614353
116.869743,39.614182
116.870049,39.614014
116.870354,39.613846
116.870956,39.613510
116.871262,39.613346
116.871559,39.613178
116.871864,39.613014
116.872162,39.612850
116.872765,39.612526
116.873062,39.612370
116.873360,39.612213
116.873650,39.612057
116.873940,39.611900
116.874504,39.611595
116.874786,39.611439
116.875069,39.611282
116.875351,39.611126
116.875916,39.610817
116.876190,39.610661
116.876465,39.610504
116.876740,39.610348
116.877014,39.610191
116.877289,39.610027
116.877571,39.609863
116.878128,39.609524
116.878410,39.609352
116.878693,39.609177
116.878967,39.609001
116.879250,39.608822
116.879524,39.608643
116.879807,39.608459
116.880089,39.608276
116.880646,39.607903
116.880928,39.607716
116.881203,39.607525
116.881485,39.607330
116.881760,39.607136
116.882309,39.606743
116.882858,39.606346
116.882858,39.606346
116.883133,39.606144
116.883408,39.605938
116.883675,39.605736
116.884476,39.605118
116.884476,39.605118
116.884743,39.604912
116.885002,39.604702
116.885262,39.604492
116.885521,39.604282
116.885780,39.604069
116.886032,39.603859
116.886292,39.603645
116.886795,39.603218
116.887039,39.603001
116.887283,39.602783
116.887535,39.602570
116.887772,39.602352
116.888252,39.601917
116.888725,39.601479
116.888725,39.601479
116.888962,39.601257
116.889191,39.601032
116.889427,39.600811
116.890106,39.600136
116.890106,39.600136
116.890335,39.599911
116.890564,39.599686
116.890785,39.599457
116.891006,39.599224
116.891655,39.598530
116.891655,39.598530
116.891876,39.598293
116.892090,39.598057
116.892303,39.597820
116.892937,39.597099
116.892937,39.597099
116.893143,39.596859
116.893349,39.596619
116.893753,39.596134
116.893951,39.595894
116.894150,39.595650
116.894348,39.595406
116.894730,39.594917
116.894928,39.594673
116.895111,39.594429
116.895302,39.594181
116.895485,39.593933
116.895851,39.593433
116.896027,39.593182
116.896202,39.592930
116.896378,39.592674
116.896889,39.591900
116.896889,39.591900
116.897057,39.591644
116.897217,39.591385
116.897713,39.590607
116.897713,39.590607
116.897873,39.590347
116.898033,39.590084
116.898186,39.589825
116.898506,39.589306
116.898659,39.589046
116.898819,39.588787
116.898979,39.588528
116.899292,39.588013
116.899452,39.587757
116.899605,39.587502
116.899765,39.587242
116.900078,39.586723
116.900238,39.586464
116.900391,39.586205
116.900551,39.585945
116.900711,39.585690
116.900871,39.585426
116.901184,39.584908
116.901344,39.584648
116.901505,39.584389
116.901665,39.584126
116.901825,39.583866
116.902145,39.583344
116.902306,39.583080
116.902466,39.582821
116.902626,39.582558
116.902786,39.582298
116.903107,39.581776
116.903259,39.581512
116.903419,39.581253
116.903580,39.580994
116.903740,39.580734
116.904213,39.579956
116.904053,39.580212
116.904373,39.579697
116.904533,39.579437
116.904694,39.579178
116.904861,39.578918
116.905182,39.578396
116.905342,39.578133
116.905502,39.577869
116.905663,39.577606
116.905823,39.577343
116.905983,39.577084
116.906303,39.576557
116.906464,39.576298
116.906624,39.576035
116.906792,39.575771
116.906952,39.575512
116.907265,39.574989
116.907425,39.574730
116.907585,39.574471
116.907745,39.574211
116.907898,39.573956
116.908218,39.573437
116.908371,39.573181
116.908531,39.572922
116.908691,39.572666
116.909004,39.572151
116.909164,39.571892
116.909325,39.571632
116.909485,39.571377
116.909637,39.571114
116.909958,39.570599
116.910110,39.570339
116.910271,39.570080
116.910431,39.569820
116.910591,39.569557
116.910912,39.569038
116.911072,39.568775
116.911240,39.568512
116.911400,39.568249
116.911720,39.567722
116.911880,39.567459
116.912041,39.567196
116.912201,39.566929
116.912369,39.566666
116.912529,39.566402
116.912857,39.565880
116.913017,39.565617
116.913177,39.565357
116.913345,39.565098
116.913498,39.564838
116.913818,39.564320
116.913979,39.564060
116.914139,39.563805
116.914299,39.563545
116.914612,39.563030
116.914764,39.562775
116.914925,39.562515
116.915085,39.562256
116.915558,39.561478
116.915558,39.561478
116.915718,39.561218
116.915878,39.560955
116.916039,39.560696
116.916367,39.560173
116.916519,39.559914
116.916679,39.559658
116.916840,39.559399
116.916992,39.559147
116.917297,39.558640
116.917458,39.558388
116.917610,39.558136
116.917763,39.557884
116.917915,39.557632
116.918228,39.557133
116.918388,39.556881
116.918541,39.556633
116.918709,39.556381
116.918877,39.556126
116.919212,39.555622
116.919388,39.555370
116.919556,39.555119
116.919731,39.554867
116.919907,39.554611
116.920090,39.554359
116.920456,39.553860
116.920639,39.553612
116.920830,39.553368
116.921021,39.553123
116.921211,39.552876
116.921402,39.552635
116.921799,39.552147
116.921997,39.551899
116.922195,39.551655
116.922401,39.551411
116.922607,39.551167
116.922813,39.550926
116.923241,39.550449
116.923454,39.550213
116.923668,39.549976
116.923882,39.549740
116.924103,39.549503
116.924324,39.549267
116.924545,39.549034
116.925217,39.548340
116.924988,39.548573
116.925446,39.548115
116.925674,39.547886
116.925911,39.547657
116.926140,39.547436
116.926369,39.547211
116.926605,39.546986
116.927078,39.546547
116.927322,39.546329
116.927567,39.546108
116.927811,39.545895
116.928055,39.545681
116.928299,39.545471
116.929047,39.544838
116.929047,39.544838
116.929298,39.544628
116.929550,39.544418
116.929810,39.544212
116.930069,39.544003
116.930588,39.543591
116.930855,39.543385
116.931122,39.543182
116.931389,39.542980
116.931656,39.542778
116.932472,39.542183
116.932472,39.542183
116.932755,39.541985
116.933029,39.541786
116.933304,39.541592
116.934151,39.541019
116.934151,39.541019
116.934433,39.540829
116.934715,39.540642
116.935005,39.540459
116.935287,39.540276
116.936150,39.539730
116.936150,39.539730
116.936440,39.539555
116.936729,39.539379
116.937027,39.539204
116.937317,39.539028
116.937614,39.538857
116.937904,39.538681
116.938202,39.538506
116.938507,39.538334
116.939407,39.537823
116.939407,39.537823
116.939713,39.537655
116.940025,39.537491
116.940338,39.537327
116.940651,39.537163
116.940964,39.537006
116.941277,39.536846
116.941582,39.536690
116.942207,39.536369
116.942520,39.536209
116.942825,39.536049
116.943138,39.535892
116.943443,39.535732
116.943756,39.535576
116.944061,39.535416
116.944366,39.535259
116.945290,39.534782
116.945290,39.534782
116.945602,39.534622
116.945908,39.534462
116.946213,39.534298
116.946518,39.534134
116.946823,39.533970
116.947128,39.533802
116.947731,39.533463
116.948029,39.533287
116.948326,39.533112
116.948624,39.532936
116.948921,39.532753
116.949211,39.532574
116.949501,39.532387
116.949791,39.532200
116.950073,39.532009
116.950356,39.531815
116.950638,39.531620
116.951187,39.531227
116.951454,39.531025
116.951721,39.530827
116.951988,39.530621
116.952248,39.530418
116.952507,39.530209
116.952766,39.530003
116.953018,39.529793
116.953270,39.529583
116.953514,39.529369
116.953995,39.528938
116.953995,39.528938
116.954453,39.528519
116.954681,39.528309
116.954895,39.528099
116.955109,39.527889
116.955322,39.527676
116.955536,39.527462
116.955940,39.527039
116.956131,39.526825
116.956322,39.526611
116.956505,39.526398
116.956680,39.526184
116.956848,39.525970
116.957008,39.525757
116.957169,39.525551
116.957466,39.525139
116.957603,39.524937
116.957748,39.524734
116.957878,39.524536
116.957985,39.524361
116.958061,39.524212
116.958206,39.523849
116.958321,39.523453
116.958321,39.523453
116.958359,39.523239
116.958374,39.522999
116.958366,39.522755
116.958328,39.522541
116.958267,39.522339
116.958176,39.522137
116.957954,39.521790
116.957832,39.521652
116.957741,39.521549
116.957657,39.521450
116.957596,39.521339
116.957535,39.521229
116.957497,39.521103
116.957451,39.520851
116.957443,39.520733
116.957436,39.520630
116.957443,39.520546
116.957436,39.520485
116.957436,39.520432
116.957451,39.520386
116.957458,39.520348
116.957474,39.520317
116.957474,39.520302
116.957481,39.520298
116.957481,39.520287
116.957481,39.520283
116.957504,39.520340
116.957497,39.520302
116.957512,39.520382
116.957512,39.520382
116.957512,39.520462
116.957512,39.520462
116.957512,39.520508
116.957504,39.520538
116.957504,39.520538
116.957504,39.520546
116.957512,39.520542
116.957512,39.520542
116.957512,39.520531
116.957512,39.520451
116.957512,39.520363
116.957504,39.520287
116.957504,39.520214
116.957504,39.520157
116.957504,39.520107
116.957504,39.520073
116.957504,39.520100
116.957512,39.520103
116.957520,39.520054
116.957520,39.519943
116.957512,39.519722
116.957520,39.519501
116.957527,39.519386
116.957527,39.519287
116.957527,39.519184
116.957520,39.519077
116.957497,39.518875
116.957489,39.518654
116.957489,39.518654
116.957489,39.518528
116.957481,39.518421
116.957451,39.518551
116.957413,39.518593
116.957375,39.518570
116.957321,39.518501
116.957268,39.518486
116.957191,39.518490
116.956978,39.518524
116.956833,39.518543
116.956505,39.518574
116.956314,39.518581
116.956123,39.518589
116.955917,39.518600
116.955482,39.518620
116.955246,39.518631
116.954742,39.518658
116.954483,39.518669
116.954216,39.518684
116.953369,39.518730
116.953369,39.518730
116.952477,39.518780
116.952477,39.518780
116.952171,39.518795
116.951859,39.518810
116.951225,39.518845
116.950897,39.518860
116.950226,39.518894
116.949883,39.518913
116.949188,39.518944
116.948128,39.518986
116.948128,39.518986
116.947769,39.519001
116.947044,39.519035
116.946678,39.519051
116.946304,39.519070
116.945236,39.519119
116.945236,39.519119
116.944885,39.519135
116.944206,39.519165
116.943871,39.519180
116.943542,39.519196
116.942894,39.519218
116.942574,39.519230
116.941933,39.519253
116.941612,39.519264
116.940674,39.519302
116.940674,39.519302
116.939758,39.519337
116.939758,39.519337
116.939453,39.519348
116.938576,39.519386
116.938576,39.519386
116.938286,39.519398
116.938004,39.519409
116.937157,39.519447
116.937157,39.519447
116.936882,39.519459
116.936363,39.519482
116.936127,39.519485
116.935707,39.519493
116.935516,39.519497
116.935356,39.519501
116.935181,39.519508
116.935097,39.519516
116.935028,39.519527
116.934921,39.519535
116.934883,39.519527
116.934845,39.519520
116.934830,39.519516
116.934822,39.519508
116.934799,39.519505
116.934776,39.519505
116.934715,39.519508
116.934677,39.519508
116.934624,39.519512
116.934586,39.519520
116.934555,39.519539
116.934502,39.519596
116.934464,39.519653
116.934448,39.519722
116.934448,39.519798
116.934395,39.520111
116.934395,39.520111
116.934364,39.520252
116.934326,39.520393
116.934250,39.520718
116.934219,39.520889
116.934189,39.521080
116.934143,39.521282
116.934113,39.521484
116.934036,39.521889
116.934006,39.522114
116.933975,39.522297
116.933937,39.522507
116.933907,39.522736
116.933853,39.523148
116.933823,39.523365
116.933784,39.523594
116.933754,39.523830
116.933662,39.524555
116.933685,39.524319
116.933632,39.524811
116.933624,39.525017
116.933594,39.525253
116.933563,39.525501
116.933517,39.525764
116.933434,39.526268
116.933411,39.526501
116.933395,39.526722
116.933372,39.526943
116.933372,39.527145
116.933334,39.527527
116.933327,39.527695
116.933296,39.527821
116.933296,39.527931
116.933304,39.528053
116.933281,39.528313
116.933243,39.528458
116.933197,39.528618
