117.066025,39.370167
117.066025,39.370159
117.066025,39.370167
117.066025,39.370171
117.066017,39.370167
117.066010,39.370167
117.066010,39.370171
117.066002,39.370167
117.066010,39.370163
117.066010,39.370159
117.066010,39.370159
117.066017,39.370159
117.066010,39.370155
117.066017,39.370152
117.066017,39.370148
117.066017,39.370152
117.066017,39.370159
117.066010,39.370167
117.066010,39.370178
117.066002,39.370182
117.066002,39.370178
117.066002,39.370163
117.065994,39.370163
117.065994,39.370163
117.065994,39.370163
117.065994,39.370163
117.065994,39.370163
117.065994,39.370163
117.065994,39.370163
117.065994,39.370163
117.065994,39.370163
117.065994,39.370167
117.065994,39.370167
117.065994,39.370167
117.065994,39.370167
117.066002,39.370167
117.066002,39.370167
117.066010,39.370155
117.066010,39.370155
117.066002,39.370152
117.066002,39.370152
117.066002,39.370152
117.066002,39.370152
117.066002,39.370152
117.066010,39.370152
117.066010,39.370155
117.066017,39.370159
117.066025,39.370159
117.066040,39.370174
117.066040,39.370174
117.066063,39.370186
117.066071,39.370190
117.066078,39.370197
117.066093,39.370201
117.066101,39.370205
117.066124,39.370216
117.066147,39.370220
117.066162,39.370216
117.066177,39.370224
117.066406,39.370140
117.066406,39.370140
117.066475,39.370110
117.066536,39.370087
117.066589,39.370071
117.066643,39.370056
117.066689,39.370045
117.066772,39.370026
117.066811,39.370022
117.066841,39.370014
117.066872,39.370010
117.066902,39.369999
117.066925,39.369987
117.066940,39.369976
117.066948,39.369953
117.066948,39.369953
117.066948,39.369942
117.066933,39.369915
117.066925,39.369900
117.066910,39.369884
117.066895,39.369873
117.066872,39.369865
117.066795,39.369869
117.066765,39.369881
117.066734,39.369892
117.066696,39.369896
117.066612,39.369926
117.066582,39.369938
117.066536,39.369953
117.066444,39.369968
117.066399,39.369980
117.066345,39.369972
117.066246,39.369999
117.066200,39.370003
117.066154,39.370007
117.066101,39.370003
117.066048,39.370003
117.065971,39.370041
117.065948,39.370037
117.065926,39.370026
117.065895,39.370014
117.065842,39.369976
117.065834,39.369949
117.065819,39.369915
117.065804,39.369892
117.065796,39.369862
117.065781,39.369823
117.065773,39.369785
117.065750,39.369751
117.065689,39.369682
117.065689,39.369682
117.065674,39.369678
117.065666,39.369675
117.065651,39.369671
117.065659,39.369659
117.065643,39.369652
117.065636,39.369644
117.065605,39.369606
117.065590,39.369583
117.065582,39.369568
117.065575,39.369560
117.065575,39.369553
117.065567,39.369549
117.065559,39.369545
117.065552,39.369541
117.065552,39.369541
117.065552,39.369545
117.065552,39.369545
117.065544,39.369541
117.065544,39.369541
117.065536,39.369541
117.065544,39.369541
117.065544,39.369545
117.065552,39.369553
117.065559,39.369553
117.065552,39.369549
117.065529,39.369537
117.065529,39.369537
117.065514,39.369522
117.065506,39.369511
117.065430,39.369522
117.065430,39.369522
117.065422,39.369514
117.065407,39.369511
117.065399,39.369507
117.065392,39.369473
117.065392,39.369473
117.065376,39.369450
117.065369,39.369442
117.065338,39.369419
117.065315,39.369411
117.065300,39.369404
117.065254,39.369389
117.065231,39.369377
117.065201,39.369370
117.065109,39.369347
117.065109,39.369347
117.065079,39.369339
117.065010,39.369328
117.064980,39.369320
117.064949,39.369312
117.064926,39.369308
117.064880,39.369301
117.064880,39.369301
117.064880,39.369297
117.064880,39.369297
117.064880,39.369297
117.064880,39.369297
117.064880,39.369297
117.064873,39.369289
117.064873,39.369289
117.064873,39.369286
117.064873,39.369289
117.064850,39.369289
117.064835,39.369286
117.064819,39.369282
117.064804,39.369282
117.064766,39.369274
117.064751,39.369274
117.064751,39.369270
117.064751,39.369270
117.064743,39.369267
117.064735,39.369263
117.064735,39.369263
117.064735,39.369263
117.064728,39.369259
117.064705,39.369247
117.064697,39.369244
117.064690,39.369240
117.064651,39.369228
117.064629,39.369217
117.064590,39.369209
117.064522,39.369186
117.064484,39.369171
117.064445,39.369160
117.064423,39.369156
117.064400,39.369148
117.064377,39.369141
117.064354,39.369133
117.064301,39.369122
117.064262,39.369114
117.064232,39.369106
117.064194,39.369099
117.064110,39.369057
117.064110,39.369057
117.064087,39.369045
117.064064,39.369034
117.064049,39.369019
117.064018,39.369007
117.064003,39.369007
117.063980,39.369011
117.063965,39.369026
117.063934,39.369041
117.063896,39.369083
117.063896,39.369083
117.063889,39.369099
117.063889,39.369141
117.063889,39.369160
117.063881,39.369213
117.063866,39.369213
117.063820,39.369198
117.063812,39.369198
117.063797,39.369213
117.063782,39.369228
117.063774,39.369247
117.063751,39.369247
117.063751,39.369244
117.063751,39.369255
117.063713,39.369286
117.063713,39.369286
117.063713,39.369297
117.063705,39.369312
117.063698,39.369331
117.063683,39.369370
117.063667,39.369381
117.063660,39.369392
117.063644,39.369396
117.063622,39.369385
117.063614,39.369381
117.063614,39.369373
117.063599,39.369370
117.063591,39.369370
117.063591,39.369370
117.063591,39.369370
117.063538,39.369354
117.063499,39.369347
117.063431,39.369324
117.063347,39.369301
117.063187,39.369255
117.063118,39.369232
117.063049,39.369205
117.062920,39.369164
117.062859,39.369148
117.062813,39.369133
117.062759,39.369118
117.062683,39.369095
117.062653,39.369087
117.062630,39.369083
117.062607,39.369076
117.062561,39.369064
117.062546,39.369057
117.062531,39.369053
117.062523,39.369045
117.062515,39.369038
117.062492,39.369007
117.062492,39.369007
117.062492,39.368999
117.062500,39.368980
117.062500,39.368980
117.062508,39.368980
117.062508,39.368977
117.062508,39.368973
117.062515,39.368969
117.062515,39.368969
117.062515,39.368965
117.062515,39.368969
117.062523,39.368969
117.062523,39.368969
117.062523,39.368973
117.062515,39.368977
117.062515,39.368977
117.062523,39.368980
117.062523,39.368980
117.062523,39.368980
117.062523,39.368980
117.062523,39.368980
117.062523,39.368980
117.062523,39.368977
117.062523,39.368977
117.062523,39.368977
117.062523,39.368977
117.062523,39.368977
117.062523,39.368977
117.062515,39.368977
117.062515,39.368977
117.062515,39.368977
117.062515,39.368977
117.062515,39.368977
117.062515,39.368977
117.062515,39.368977
117.062515,39.368977
117.062508,39.368977
117.062515,39.368977
117.062515,39.368977
117.062515,39.368977
117.062515,39.368977
117.062515,39.368977
117.062515,39.368977
117.062515,39.368977
117.062515,39.368977
117.062515,39.368977
117.062515,39.368977
117.062515,39.368977
117.062515,39.368973
117.062515,39.368965
117.062523,39.368958
117.062531,39.368942
117.062553,39.368904
117.062553,39.368904
117.062561,39.368885
117.062569,39.368866
117.062569,39.368870
117.062569,39.368870
117.062576,39.368866
117.062607,39.368855
117.062622,39.368855
117.062637,39.368855
117.062675,39.368851
117.062675,39.368847
117.062683,39.368847
117.062683,39.368843
117.062691,39.368843
117.062706,39.368835
117.062714,39.368835
117.062721,39.368832
117.062729,39.368832
117.062744,39.368824
117.062752,39.368816
117.062767,39.368805
117.062782,39.368786
117.062790,39.368767
117.062790,39.368759
117.062798,39.368736
117.062798,39.368736
117.062782,39.368755
117.062775,39.368748
117.062767,39.368740
117.062767,39.368736
117.062767,39.368729
117.062759,39.368729
117.062752,39.368729
117.062744,39.368732
117.062744,39.368732
117.062737,39.368732
117.062737,39.368729
117.062737,39.368729
117.062737,39.368732
117.062744,39.368732
117.062744,39.368732
